1 0.19804640114307404
4 0.17777778208255768
7 0.20463980734348297
10 0.20024420320987701
13 0.1755799800157547
16 0.17045177519321442
19 0.1985348016023636
22 0.1894993931055069
25 0.17533577978610992
28 0.19462759792804718
31 0.22051282227039337
34 0.18730159103870392
37 0.1765567809343338
40 0.1846153885126114
43 0.1943833976984024
46 0.20708180963993073
49 0.19389499723911285
52 0.17826618254184723
55 0.1843711882829666
58 0.17045177519321442
61 0.2073260098695755
64 0.21147741377353668
67 0.18974359333515167
70 0.1865689903497696
73 0.17875458300113678
76 0.21367521584033966
79 0.17875458300113678
82 0.22002442181110382
85 0.19487179815769196
88 0.16190476715564728
91 0.2141636162996292
94 0.2053724080324173
97 0.17997558414936066
100 0.17435897886753082
103 0.19975580275058746
106 0.20219780504703522
109 0.18534798920154572
112 0.1746031790971756
115 0.21709401905536652
118 0.20757021009922028
121 0.18021978437900543
124 0.16117216646671295
127 0.2222222238779068
130 0.18974359333515167
133 0.19413919746875763
136 0.1846153885126114
139 0.19780220091342926
142 0.19413919746875763
145 0.18192918598651886
148 0.18070818483829498
151 0.18266178667545319
154 0.1963369995355606
157 0.21269841492176056
160 0.1985348016023636
163 0.16483516991138458
166 0.21245421469211578
169 0.17973138391971588
172 0.18388278782367706
175 0.18070818483829498
178 0.22051282227039337
181 0.18485958874225616
184 0.19584859907627106
187 0.2302808314561844
190 0.19706960022449493
193 0.18021978437900543
196 0.1992674022912979
199 0.20390720665454865
202 0.22930403053760529
205 0.19584859907627106
208 0.1894993931055069
211 0.19169719517230988
214 0.21172161400318146
217 0.19682539999485016
220 0.20000000298023224
223 0.17606838047504425
226 0.2112332135438919
229 0.17777778208255768
232 0.19169719517230988
235 0.1894993931055069
238 0.2163614183664322
241 0.2212454229593277
244 0.19218559563159943
247 0.19389499723911285
250 0.18876679241657257
253 0.2014652043581009
256 0.21660561859607697
259 0.19389499723911285
262 0.19584859907627106
265 0.23052503168582916
268 0.190476194024086
271 0.19804640114307404
274 0.1894993931055069
277 0.19706960022449493
280 0.2300366312265396
283 0.1953601986169815
286 0.19706960022449493
289 0.19877900183200836
292 0.21465201675891876
295 0.1885225921869278
298 0.17582418024539948
301 0.21465201675891876
304 0.1824175864458084
307 0.1836385875940323
310 0.22271062433719635
313 0.2063492089509964
316 0.1843711882829666
319 0.2131868153810501
322 0.20976801216602325
325 0.1865689903497696
328 0.17240537703037262
331 0.19877900183200836
334 0.21050061285495758
337 0.19072039425373077
340 0.21465201675891876
343 0.18998779356479645
346 0.20024420320987701
349 0.18632479012012482
352 0.18315018713474274
355 0.19072039425373077
358 0.19462759792804718
361 0.18925519287586212
364 0.22075702250003815
367 0.1934065967798233
370 0.18217338621616364
373 0.19902320206165314
376 0.18681319057941437
379 0.1775335818529129
382 0.20610500872135162
385 0.18827839195728302
388 0.1824175864458084
391 0.20757021009922028
394 0.214407816529274
397 0.17973138391971588
400 0.19780220091342926
403 0.16312576830387115
406 0.20610500872135162
409 0.21953602135181427
412 0.19023199379444122
415 0.1833943873643875
418 0.18974359333515167
421 0.19267399609088898
424 0.19877900183200836
427 0.1855921894311905
430 0.18632479012012482
433 0.21904762089252472
436 0.18632479012012482
439 0.17875458300113678
442 0.20244200527668
445 0.214407816529274
448 0.19365079700946808
451 0.18119658529758453
454 0.17094017565250397
457 0.2131868153810501
460 0.20610500872135162
463 0.19169719517230988
466 0.18021978437900543
469 0.1875457912683487
472 0.21758241951465607
475 0.19706960022449493
478 0.1804639846086502
481 0.17484737932682037
484 0.2131868153810501
487 0.2163614183664322
490 0.19413919746875763
493 0.17899878323078156
496 0.16630037128925323
499 0.2212454229593277
502 0.21709401905536652
505 0.19462759792804718
508 0.1973138004541397
511 0.21098901331424713
514 0.1865689903497696
517 0.18901099264621735
520 0.224175825715065
523 0.18901099264621735
526 0.21782661974430084
529 0.2131868153810501
532 0.18998779356479645
535 0.18315018713474274
538 0.178510382771492
541 0.2092796117067337
544 0.1855921894311905
547 0.1992674022912979
550 0.18632479012012482
553 0.22148962318897247
556 0.18876679241657257
559 0.1973138004541397
562 0.18021978437900543
565 0.19267399609088898
568 0.1943833976984024
571 0.19511599838733673
574 0.18388278782367706
577 0.21953602135181427
580 0.18998779356479645
583 0.18485958874225616
586 0.18998779356479645
589 0.18388278782367706
592 0.18388278782367706
595 0.18266178667545319
598 0.20659340918064117
601 0.19609279930591583
604 0.19316239655017853
607 0.16581197082996368
610 0.20415140688419342
613 0.22368742525577545
616 0.168742373585701
619 0.20122100412845612
622 0.21098901331424713
625 0.19902320206165314
628 0.17240537703037262
631 0.20805861055850983
634 0.18998779356479645
637 0.1875457912683487
640 0.1995116025209427
643 0.22881563007831573
646 0.18998779356479645
649 0.1953601986169815
652 0.18803419172763824
655 0.2112332135438919
658 0.1914529949426651
661 0.18290598690509796
664 0.18070818483829498
667 0.18632479012012482
670 0.22588522732257843
673 0.20463980734348297
676 0.178510382771492
679 0.22564102709293365
682 0.20757021009922028
685 0.1804639846086502
688 0.1914529949426651
691 0.19120879471302032
694 0.22173382341861725
697 0.21196581423282623
700 0.1794871836900711
703 0.18730159103870392
706 0.16483516991138458
709 0.2151404172182083
712 0.22148962318897247
715 0.17802198231220245
718 0.1794871836900711
721 0.16727717220783234
724 0.17631258070468903
727 0.21098901331424713
730 0.17631258070468903
733 0.19584859907627106
736 0.1755799800157547
739 0.20195360481739044
742 0.212210014462471
745 0.19584859907627106
748 0.1846153885126114
751 0.19096459448337555
754 0.2063492089509964
757 0.22857142984867096
760 0.1934065967798233
763 0.2004884034395218
766 0.17191697657108307
769 0.2251526266336441
772 0.20268620550632477
775 0.17875458300113678
778 0.2063492089509964
781 0.23247863352298737
784 0.18827839195728302
787 0.18705739080905914
790 0.20219780504703522
793 0.22735042870044708
796 0.19975580275058746
799 0.19267399609088898
802 0.21050061285495758
805 0.23540903627872467
808 0.19706960022449493
811 0.20781441032886505
814 0.17704518139362335
817 0.2183150202035904
820 0.21758241951465607
823 0.19560439884662628
826 0.18583638966083527
829 0.22466422617435455
832 0.2271062284708023
835 0.19755800068378448
838 0.20903541147708893
841 0.22295482456684113
844 0.19877900183200836
847 0.19267399609088898
850 0.19389499723911285
853 0.2131868153810501
856 0.19194139540195465
859 0.190476194024086
862 0.19169719517230988
865 0.2173382192850113
868 0.2151404172182083
871 0.19389499723911285
874 0.2092796117067337
877 0.18070818483829498
880 0.22490842640399933
883 0.2290598303079605
886 0.19975580275058746
889 0.20170940458774567
892 0.214407816529274
895 0.18998779356479645
898 0.1865689903497696
901 0.22466422617435455
904 0.21880342066287994
907 0.19487179815769196
910 0.2083028107881546
913 0.190476194024086
916 0.2202686220407486
919 0.22881563007831573
922 0.1894993931055069
925 0.19609279930591583
928 0.18315018713474274
931 0.21709401905536652
934 0.22466422617435455
937 0.18632479012012482
940 0.20463980734348297
943 0.19096459448337555
946 0.19291819632053375
949 0.2231990247964859
952 0.21074481308460236
955 0.18827839195728302
958 0.19780220091342926
961 0.18095238506793976
964 0.2073260098695755
967 0.23589743673801422
970 0.1914529949426651
973 0.22100122272968292
976 0.20195360481739044
979 0.20659340918064117
982 0.19120879471302032
985 0.19975580275058746
988 0.2151404172182083
991 0.23443223536014557
994 0.18485958874225616
997 0.23858363926410675
1000 0.1982906013727188
1003 0.1924297958612442
1006 0.2063492089509964
1009 0.22588522732257843
1012 0.19487179815769196
1015 0.2212454229593277
1018 0.21269841492176056
1021 0.19487179815769196
1024 0.19218559563159943
1027 0.17997558414936066
1030 0.20683760941028595
1033 0.17704518139362335
1036 0.20610500872135162
1039 0.2380952388048172
1042 0.20561660826206207
1045 0.22393162548542023
1048 0.19487179815769196
1051 0.19072039425373077
1054 0.21001221239566803
1057 0.23345543444156647
1060 0.19755800068378448
1063 0.2112332135438919
1066 0.21684981882572174
1069 0.23833943903446198
1072 0.2092796117067337
1075 0.20610500872135162
1078 0.21611721813678741
1081 0.22393162548542023
1084 0.20683760941028595
1087 0.20366300642490387
1090 0.21758241951465607
1093 0.21098901331424713
1096 0.19316239655017853
1099 0.2312576323747635
1102 0.22881563007831573
1105 0.19560439884662628
1108 0.20757021009922028
1111 0.22197802364826202
1114 0.23394383490085602
1117 0.1982906013727188
1120 0.20170940458774567
1123 0.2280830293893814
1126 0.19780220091342926
1129 0.19584859907627106
1132 0.22661782801151276
1135 0.19120879471302032
1138 0.2102564126253128
1141 0.20024420320987701
1144 0.20317460596561432
1147 0.23540903627872467
1150 0.1992674022912979
1153 0.1943833976984024
1156 0.19755800068378448
1159 0.2173382192850113
1162 0.21465201675891876
1165 0.1963369995355606
1168 0.19804640114307404
1171 0.19975580275058746
1174 0.2310134321451187
1177 0.2063492089509964
1180 0.19291819632053375
1183 0.20170940458774567
1186 0.19365079700946808
1189 0.2202686220407486
1192 0.20708180963993073
1195 0.18412698805332184
1198 0.2280830293893814
1201 0.1914529949426651
1204 0.2043956071138382
1207 0.17680098116397858
1210 0.22735042870044708
1213 0.2231990247964859
1216 0.20244200527668
1219 0.19413919746875763
1222 0.19267399609088898
1225 0.23076923191547394
1228 0.22881563007831573
1231 0.20708180963993073
1234 0.21709401905536652
1237 0.22393162548542023
1240 0.19609279930591583
1243 0.20390720665454865
1246 0.23272283375263214
1249 0.20195360481739044
1252 0.19365079700946808
1255 0.21855922043323517
1258 0.21098901331424713
1261 0.19291819632053375
1264 0.19780220091342926
1267 0.20366300642490387
1270 0.19511599838733673
1273 0.19755800068378448
1276 0.2183150202035904
1279 0.23467643558979034
1282 0.19609279930591583
1285 0.20512820780277252
1288 0.214407816529274
1291 0.2332112342119217
1294 0.20512820780277252
1297 0.19755800068378448
1300 0.21489621698856354
1303 0.20561660826206207
1306 0.20024420320987701
1309 0.21001221239566803
1312 0.2332112342119217
1315 0.19902320206165314
1318 0.20586080849170685
1321 0.2371184378862381
1324 0.1924297958612442
1327 0.19609279930591583
1330 0.1963369995355606
1333 0.20024420320987701
1336 0.23052503168582916
1339 0.2073260098695755
1342 0.2073260098695755
1345 0.23345543444156647
1348 0.19877900183200836
1351 0.19462759792804718
1354 0.1992674022912979
1357 0.21343101561069489
1360 0.22564102709293365
1363 0.19169719517230988
1366 0.21001221239566803
1369 0.17606838047504425
1372 0.19780220091342926
1375 0.21611721813678741
1378 0.18925519287586212
1381 0.20854701101779938
1384 0.20781441032886505
1387 0.2280830293893814
1390 0.20659340918064117
1393 0.21684981882572174
1396 0.2043956071138382
1399 0.19877900183200836
1402 0.19511599838733673
1405 0.21684981882572174
1408 0.22735042870044708
1411 0.19413919746875763
1414 0.1934065967798233
1417 0.1865689903497696
1420 0.20268620550632477
1423 0.20781441032886505
1426 0.20293040573596954
1429 0.2290598303079605
1432 0.20463980734348297
1435 0.19584859907627106
1438 0.2073260098695755
1441 0.20073260366916656
1444 0.21904762089252472
1447 0.1943833976984024
1450 0.18217338621616364
1453 0.2271062284708023
1456 0.20854701101779938
1459 0.2004884034395218
1462 0.1995116025209427
1465 0.19487179815769196
1468 0.19877900183200836
1471 0.21172161400318146
1474 0.23443223536014557
1477 0.21880342066287994
1480 0.21001221239566803
1483 0.2004884034395218
1486 0.23199023306369781
1489 0.23076923191547394
1492 0.21074481308460236
1495 0.212210014462471
1498 0.20293040573596954
1501 0.18070818483829498
1504 0.2053724080324173
1507 0.2153846174478531
1510 0.21001221239566803
1513 0.20952381193637848
1516 0.20659340918064117
1519 0.2312576323747635
1522 0.20170940458774567
1525 0.1836385875940323
1528 0.21660561859607697
1531 0.1924297958612442
1534 0.1934065967798233
1537 0.18974359333515167
1540 0.21758241951465607
1543 0.19682539999485016
1546 0.190476194024086
1549 0.21294261515140533
1552 0.19316239655017853
1555 0.1992674022912979
1558 0.18217338621616364
1561 0.20244200527668
1564 0.2332112342119217
1567 0.190476194024086
1570 0.22393162548542023
1573 0.190476194024086
1576 0.20512820780277252
1579 0.20854701101779938
1582 0.1924297958612442
1585 0.18778999149799347
1588 0.2183150202035904
1591 0.22759462893009186
1594 0.2192918211221695
1597 0.20488400757312775
1600 0.1924297958612442
1603 0.20244200527668
1606 0.20390720665454865
1609 0.20293040573596954
1612 0.20244200527668
1615 0.20976801216602325
1618 0.23345543444156647
1621 0.1914529949426651
1624 0.20683760941028595
1627 0.1894993931055069
1630 0.2053724080324173
1633 0.2322344332933426
1636 0.19267399609088898
1639 0.1924297958612442
1642 0.18974359333515167
1645 0.21147741377353668
1648 0.18925519287586212
1651 0.20415140688419342
1654 0.1943833976984024
1657 0.20805861055850983
1660 0.2183150202035904
1663 0.18876679241657257
1666 0.20805861055850983
1669 0.1924297958612442
1672 0.214407816529274
1675 0.1924297958612442
1678 0.21001221239566803
1681 0.224175825715065
1684 0.1885225921869278
1687 0.19755800068378448
1690 0.1894993931055069
1693 0.20219780504703522
1696 0.22246642410755157
1699 0.21367521584033966
1702 0.1985348016023636
1705 0.19658119976520538
1708 0.18608058989048004
1711 0.20366300642490387
1714 0.18901099264621735
1717 0.18021978437900543
1720 0.20390720665454865
1723 0.20024420320987701
1726 0.20757021009922028
1729 0.18485958874225616
1732 0.19267399609088898
1735 0.19096459448337555
1738 0.19316239655017853
1741 0.2183150202035904
1744 0.19780220091342926
1747 0.18485958874225616
1750 0.178510382771492
1753 0.19511599838733673
1756 0.18192918598651886
1759 0.21465201675891876
1762 0.2034188061952591
1765 0.1973138004541397
1768 0.1943833976984024
1771 0.18778999149799347
1774 0.2063492089509964
1777 0.1804639846086502
1780 0.18315018713474274
1783 0.1836385875940323
1786 0.21562881767749786
1789 0.20024420320987701
1792 0.1804639846086502
1795 0.1684981733560562
1798 0.19706960022449493
1801 0.2163614183664322
1804 0.19706960022449493
1807 0.1934065967798233
1810 0.168742373585701
1813 0.20024420320987701
1816 0.2034188061952591
1819 0.18217338621616364
1822 0.19560439884662628
1825 0.16825397312641144
1828 0.21465201675891876
1831 0.21953602135181427
1834 0.18095238506793976
1837 0.19169719517230988
1840 0.1833943873643875
1843 0.19511599838733673
1846 0.22100122272968292
1849 0.1982906013727188
1852 0.18510378897190094
1855 0.19072039425373077
1858 0.1924297958612442
1861 0.20219780504703522
1864 0.1843711882829666
1867 0.18485958874225616
1870 0.20708180963993073
1873 0.19902320206165314
1876 0.1865689903497696
1879 0.18583638966083527
1882 0.21489621698856354
1885 0.18217338621616364
1888 0.20195360481739044
1891 0.1824175864458084
1894 0.21050061285495758
1897 0.19609279930591583
1900 0.1973138004541397
1903 0.20317460596561432
1906 0.20122100412845612
1909 0.1885225921869278
1912 0.1794871836900711
1915 0.20659340918064117
1918 0.21196581423282623
1921 0.1843711882829666
1924 0.20097680389881134
1927 0.1953601986169815
1930 0.20757021009922028
1933 0.2073260098695755
1936 0.19023199379444122
1939 0.18803419172763824
1942 0.18217338621616364
1945 0.20293040573596954
1948 0.21269841492176056
1951 0.1836385875940323
1954 0.2004884034395218
1957 0.17313797771930695
1960 0.2063492089509964
1963 0.21343101561069489
1966 0.18510378897190094
1969 0.1985348016023636
1972 0.17509157955646515
1975 0.2083028107881546
1978 0.22002442181110382
1981 0.20195360481739044
1984 0.19023199379444122
1987 0.18510378897190094
1990 0.19316239655017853
1993 0.22075702250003815
1996 0.1885225921869278
1999 0.1924297958612442
2002 0.17777778208255768
2005 0.214407816529274
2008 0.20512820780277252
2011 0.1846153885126114
2014 0.19267399609088898
2017 0.1894993931055069
2020 0.20219780504703522
2023 0.1985348016023636
2026 0.21611721813678741
2029 0.18534798920154572
2032 0.2004884034395218
2035 0.21245421469211578
2038 0.19413919746875763
2041 0.18705739080905914
2044 0.20000000298023224
2047 0.18730159103870392
2050 0.20586080849170685
2053 0.1985348016023636
2056 0.18778999149799347
2059 0.19023199379444122
2062 0.1824175864458084
2065 0.18583638966083527
2068 0.21245421469211578
2071 0.2083028107881546
2074 0.16800977289676666
2077 0.2112332135438919
2080 0.21294261515140533
2083 0.1894993931055069
2086 0.18266178667545319
2089 0.21294261515140533
2092 0.18705739080905914
2095 0.17924298346042633
2098 0.21294261515140533
2101 0.18876679241657257
2104 0.1775335818529129
2107 0.21050061285495758
2110 0.2053724080324173
2113 0.18412698805332184
2116 0.19706960022449493
2119 0.18119658529758453
2122 0.19316239655017853
2125 0.20757021009922028
2128 0.18827839195728302
2131 0.1843711882829666
2134 0.1943833976984024
2137 0.17973138391971588
2140 0.19316239655017853
2143 0.21367521584033966
2146 0.2141636162996292
2149 0.18510378897190094
2152 0.1973138004541397
2155 0.19389499723911285
2158 0.1675213724374771
2161 0.20415140688419342
2164 0.21587301790714264
2167 0.1706959754228592
2170 0.18998779356479645
2173 0.20122100412845612
2176 0.17973138391971588
2179 0.18119658529758453
2182 0.16825397312641144
2185 0.1943833976984024
2188 0.21391941606998444
2191 0.19120879471302032
2194 0.18168498575687408
2197 0.17094017565250397
2200 0.20903541147708893
2203 0.20366300642490387
2206 0.18119658529758453
2209 0.17606838047504425
2212 0.20488400757312775
2215 0.19194139540195465
2218 0.19413919746875763
2221 0.1675213724374771
2224 0.2083028107881546
2227 0.20268620550632477
2230 0.18876679241657257
2233 0.18510378897190094
2236 0.18119658529758453
2239 0.19780220091342926
2242 0.19755800068378448
2245 0.18974359333515167
2248 0.17997558414936066
2251 0.18315018713474274
2254 0.20317460596561432
2257 0.1775335818529129
2260 0.18778999149799347
2263 0.1836385875940323
2266 0.18705739080905914
2269 0.19389499723911285
2272 0.18290598690509796
2275 0.17606838047504425
2278 0.1943833976984024
2281 0.19316239655017853
2284 0.1726495772600174
2287 0.17094017565250397
2290 0.19804640114307404
2293 0.18021978437900543
2296 0.16141636669635773
2299 0.20219780504703522
2302 0.190476194024086
2305 0.18217338621616364
2308 0.18876679241657257
2311 0.2173382192850113
2314 0.19316239655017853
2317 0.21172161400318146
2320 0.22197802364826202
2323 0.18412698805332184
2326 0.17899878323078156
2329 0.22271062433719635
2332 0.18681319057941437
2335 0.19096459448337555
2338 0.18778999149799347
2341 0.19658119976520538
2344 0.2222222238779068
2347 0.17899878323078156
2350 0.1836385875940323
2353 0.17606838047504425
2356 0.19267399609088898
2359 0.21489621698856354
2362 0.19487179815769196
2365 0.19389499723911285
2368 0.17045177519321442
2371 0.19096459448337555
2374 0.21098901331424713
2377 0.19365079700946808
2380 0.1943833976984024
2383 0.168742373585701
2386 0.19975580275058746
2389 0.20586080849170685
2392 0.19413919746875763
2395 0.16825397312641144
2398 0.20659340918064117
2401 0.21684981882572174
2404 0.18095238506793976
2407 0.18266178667545319
2410 0.16923077404499054
2413 0.20122100412845612
2416 0.20512820780277252
2419 0.18315018713474274
2422 0.1843711882829666
2425 0.16947497427463531
2428 0.20805861055850983
2431 0.20488400757312775
2434 0.1855921894311905
2437 0.19023199379444122
2440 0.17582418024539948
2443 0.20586080849170685
2446 0.20561660826206207
2449 0.17924298346042633
2452 0.19511599838733673
2455 0.17509157955646515
2458 0.19902320206165314
2461 0.19877900183200836
2464 0.18803419172763824
2467 0.18632479012012482
2470 0.20976801216602325
2473 0.18217338621616364
2476 0.18803419172763824
2479 0.17435897886753082
2482 0.18901099264621735
2485 0.2073260098695755
2488 0.17216117680072784
2491 0.18730159103870392
2494 0.18070818483829498
2497 0.1973138004541397
2500 0.16630037128925323
2503 0.16898657381534576
2506 0.16214896738529205
2509 0.18827839195728302
2512 0.17338217794895172
2515 0.1814407855272293
2518 0.17582418024539948
2521 0.1924297958612442
2524 0.1726495772600174
2527 0.18290598690509796
2530 0.16727717220783234
2533 0.1992674022912979
2536 0.17484737932682037
2539 0.15628816187381744
2542 0.1985348016023636
2545 0.17411477863788605
2548 0.1626373678445816
2551 0.18827839195728302
2554 0.19975580275058746
2557 0.17875458300113678
2560 0.17484737932682037
2563 0.1548229604959488
2566 0.18778999149799347
2569 0.1894993931055069
2572 0.18192918598651886
2575 0.16923077404499054
2578 0.20903541147708893
2581 0.20122100412845612
2584 0.17606838047504425
2587 0.17411477863788605
2590 0.18632479012012482
2593 0.20488400757312775
2596 0.17875458300113678
2599 0.18266178667545319
2602 0.17045177519321442
2605 0.20561660826206207
2608 0.17484737932682037
2611 0.1894993931055069
2614 0.1755799800157547
2617 0.17899878323078156
2620 0.1824175864458084
2623 0.2034188061952591
2626 0.19316239655017853
2629 0.1616605669260025
2632 0.1833943873643875
2635 0.21074481308460236
2638 0.1914529949426651
2641 0.1924297958612442
2644 0.17606838047504425
2647 0.2153846174478531
2650 0.1865689903497696
2653 0.19511599838733673
2656 0.18192918598651886
2659 0.19072039425373077
2662 0.1963369995355606
2665 0.1953601986169815
2668 0.19023199379444122
2671 0.19780220091342926
2674 0.2092796117067337
2677 0.1846153885126114
2680 0.1855921894311905
2683 0.1765567809343338
2686 0.20879121124744415
2689 0.21660561859607697
2692 0.1885225921869278
2695 0.18192918598651886
2698 0.19023199379444122
2701 0.22246642410755157
2704 0.18681319057941437
2707 0.18608058989048004
2710 0.17338217794895172
2713 0.19877900183200836
2716 0.20366300642490387
2719 0.20586080849170685
2722 0.20268620550632477
2725 0.18534798920154572
2728 0.18266178667545319
2731 0.17924298346042633
2734 0.20219780504703522
2737 0.21269841492176056
2740 0.21245421469211578
2752 0.1855921894311905
2755 0.1836385875940323
2758 0.1677655726671219
2761 0.21391941606998444
2764 0.2151404172182083
2767 0.18266178667545319
2770 0.18192918598651886
2773 0.18608058989048004
2776 0.19413919746875763
2779 0.21074481308460236
2782 0.19658119976520538
2785 0.19194139540195465
2788 0.18021978437900543
2791 0.17924298346042633
2794 0.20195360481739044
2797 0.2063492089509964
2800 0.18925519287586212
2803 0.18632479012012482
2806 0.18070818483829498
2809 0.20390720665454865
2812 0.22857142984867096
2815 0.19169719517230988
2818 0.190476194024086
2821 0.19120879471302032
2824 0.2043956071138382
2827 0.2192918211221695
2830 0.22466422617435455
2833 0.22881563007831573
2836 0.2063492089509964
2839 0.18998779356479645
2842 0.19169719517230988
2845 0.19096459448337555
2848 0.1963369995355606
2851 0.18998779356479645
2854 0.2322344332933426
2857 0.18876679241657257
2860 0.20195360481739044
2863 0.16996337473392487
2866 0.22100122272968292
2869 0.2151404172182083
2872 0.1982906013727188
2875 0.1836385875940323
2878 0.19291819632053375
2881 0.22368742525577545
