1 0.06080586090683937
4 0.06080586090683937
7 0.060561660677194595
10 0.06080586090683937
13 0.060561660677194595
16 0.06080586090683937
19 0.06080586090683937
22 0.060561660677194595
25 0.060561660677194595
28 0.06080586090683937
31 0.060561660677194595
34 0.060561660677194595
37 0.060561660677194595
40 0.060561660677194595
43 0.060561660677194595
46 0.060561660677194595
49 0.060561660677194595
52 0.06031746044754982
55 0.06031746044754982
58 0.060073260217905045
61 0.06031746044754982
64 0.06031746044754982
67 0.06031746044754982
70 0.06031746044754982
73 0.06031746044754982
76 0.060561660677194595
79 0.060073260217905045
82 0.060073260217905045
85 0.06031746044754982
88 0.06031746044754982
91 0.06031746044754982
94 0.060073260217905045
97 0.060073260217905045
100 0.06031746044754982
103 0.06031746044754982
106 0.06031746044754982
109 0.060073260217905045
112 0.060073260217905045
115 0.060073260217905045
118 0.06031746044754982
121 0.06031746044754982
124 0.060073260217905045
127 0.060073260217905045
130 0.060073260217905045
133 0.06031746044754982
136 0.060073260217905045
139 0.060561660677194595
142 0.060073260217905045
145 0.06031746044754982
148 0.06031746044754982
151 0.060073260217905045
154 0.060073260217905045
157 0.060073260217905045
160 0.06031746044754982
163 0.06031746044754982
166 0.06031746044754982
169 0.05982905998826027
172 0.060073260217905045
175 0.05982905998826027
178 0.060073260217905045
181 0.06031746044754982
184 0.060073260217905045
187 0.060073260217905045
190 0.06031746044754982
193 0.060073260217905045
196 0.060073260217905045
199 0.060073260217905045
202 0.060073260217905045
205 0.060073260217905045
208 0.05982905998826027
211 0.06031746044754982
214 0.060073260217905045
217 0.06031746044754982
220 0.060073260217905045
223 0.060073260217905045
226 0.06031746044754982
229 0.05982905998826027
232 0.060073260217905045
235 0.06031746044754982
238 0.05982905998826027
241 0.060073260217905045
244 0.060073260217905045
247 0.05982905998826027
250 0.05982905998826027
253 0.05982905998826027
256 0.060073260217905045
259 0.060073260217905045
262 0.060073260217905045
265 0.060073260217905045
268 0.05982905998826027
271 0.059584859758615494
274 0.05982905998826027
277 0.05982905998826027
280 0.05982905998826027
283 0.059584859758615494
286 0.05982905998826027
289 0.05982905998826027
292 0.05982905998826027
295 0.05982905998826027
298 0.05982905998826027
301 0.05982905998826027
304 0.05982905998826027
307 0.059584859758615494
310 0.059584859758615494
313 0.059584859758615494
316 0.05982905998826027
319 0.059584859758615494
322 0.059584859758615494
325 0.059584859758615494
328 0.05982905998826027
331 0.05934065952897072
334 0.059584859758615494
337 0.059584859758615494
340 0.05982905998826027
343 0.059584859758615494
346 0.05934065952897072
349 0.059584859758615494
352 0.059584859758615494
355 0.059584859758615494
358 0.059584859758615494
361 0.05982905998826027
364 0.059584859758615494
367 0.05934065952897072
370 0.05934065952897072
373 0.05934065952897072
376 0.05934065952897072
379 0.059584859758615494
382 0.05934065952897072
385 0.05934065952897072
388 0.059584859758615494
391 0.05934065952897072
394 0.059584859758615494
397 0.059584859758615494
400 0.059584859758615494
403 0.059584859758615494
406 0.05934065952897072
409 0.05934065952897072
412 0.05934065952897072
415 0.059584859758615494
418 0.059584859758615494
421 0.05958485978615494
424 0.059584859758615494
427 0.059584859758615494
430 0.05934065952897072
433 0.059584859758615494
436 0.059584859758615494
439 0.06090964529932594
442 0.06093406952897072
445 0.06093405952897072
448 0.059909645929932594
451 0.05909645929932594
454 0.05934065952897072
457 0.05909645929932594
460 0.05909645929932594
463 0.05934065952897072
466 0.05934065952897072
469 0.05909645929932594
472 0.05909645929932594
475 0.05909645929932594
478 0.05934065952897072
481 0.05909645929932594
484 0.05909645929932594
487 0.05934065952897072
490 0.05934065952897072
493 0.05909645929932594
496 0.05934065952897072
499 0.05909645929932594
502 0.05909645929932594
505 0.05909645929932594
508 0.05934065952897072
511 0.05934065952897072
514 0.05934065952897072
517 0.05934065952897072
520 0.05934065952897072
523 0.05909645929932594
526 0.05909645929932594
529 0.05909645929932594
532 0.05934065952897072
535 0.05934065952897072
538 0.05934065952897072
541 0.05909645929932594
544 0.05934065952897072
547 0.05934065952897072
550 0.05934065952897072
553 0.05934065952897072
556 0.05909645929932594
559 0.05909645929932594
562 0.05934065952897072
565 0.05934065952897072
568 0.05934065952897072
571 0.05909645929932594
574 0.05909645929932594
577 0.05934065952897072
580 0.05909645929932594
583 0.05909645929932594
586 0.05934065952897072
589 0.05909645929932594
592 0.05909645929932594
595 0.05909645929932594
598 0.05909645929932594
601 0.05909645929932594
604 0.05909645929932594
607 0.05909645929932594
610 0.05909645929932594
613 0.05909645929932594
616 0.05934065952897072
619 0.05909645929932594
622 0.05909645929932594
625 0.05909645929932594
628 0.05909645929932594
631 0.05909645929932594
634 0.05934065952897072
637 0.05934065952897072
640 0.05934065952897072
643 0.05934065952897072
646 0.05885225906968117
649 0.059584859758615494
652 0.05934065952897072
655 0.05934065952897072
658 0.05909645929932594
661 0.05909645929932594
664 0.05909645929932594
667 0.05909645929932594
670 0.05909645929932594
673 0.05934065952897072
676 0.05909645929932594
679 0.05909645929932594
682 0.05909645929932594
685 0.05909645929932594
688 0.05909645929932594
691 0.05909645929932594
694 0.05934065952897072
697 0.05909645929932594
700 0.05934065952897072
703 0.05909645929932594
706 0.05934065952897072
709 0.05934065952897072
712 0.059584859758615494
715 0.05909645929932594
718 0.05909645929932594
721 0.05885225906968117
724 0.05934065952897072
727 0.05909645929932594
730 0.05934065952897072
733 0.05909645929932594
736 0.05909645929932594
739 0.05885225906968117
742 0.05909645929932594
745 0.05909645929932594
748 0.05909645929932594
751 0.05885225906968117
754 0.05885225906968117
757 0.05860805884003639
760 0.05909645929932594
763 0.05885225906968117
766 0.05885225906968117
769 0.05909645929932594
772 0.05885225906968117
775 0.05860805884003639
778 0.05885225906968117
781 0.05885225906968117
784 0.05885225906968117
787 0.05860805884003639
790 0.05909645929932594
793 0.05860805884003639
796 0.05885225906968117
799 0.05885225906968117
802 0.05860805884003639
805 0.05885225906968117
808 0.05885225906968117
811 0.05885225906968117
814 0.05860805884003639
817 0.05885225906968117
820 0.05885225906968117
823 0.05885225906968117
826 0.05885225906968117
829 0.05860805884003639
832 0.05860805884003639
835 0.05909645929932594
838 0.05885225906968117
841 0.05909645929932594
844 0.05885225906968117
847 0.05885225906968117
850 0.05885225906968117
853 0.05860805884003639
856 0.05885225906968117
859 0.05885225906968117
862 0.05885225906968117
865 0.05885225906968117
868 0.05885225906968117
871 0.05885225906968117
874 0.05909645929932594
877 0.05909645929932594
880 0.05909645929932594
883 0.05909645929932594
886 0.05885225906968117
889 0.05860805884003639
892 0.05885225906968117
895 0.05860805884003639
898 0.05885225906968117
901 0.05860805884003639
904 0.05885225906968117
907 0.05860805884003639
910 0.05885225906968117
913 0.05860805884003639
916 0.05885225906968117
919 0.05860805884003639
922 0.05885225906968117
925 0.05860805884003639
928 0.05860805884003639
931 0.05885225906968117
934 0.05885225906968117
937 0.05885225906968117
940 0.05860805884003639
943 0.05860805884003639
946 0.05885225906968117
949 0.05885225906968117
952 0.05885225906968117
955 0.05860805884003639
958 0.05836385861039162
961 0.05885225906968117
964 0.05860805884003639
967 0.05909645929932594
970 0.05885225906968117
973 0.05860805884003639
976 0.05885225906968117
979 0.05885225906968117
982 0.05985225906968117
985 0.06009645929932594
988 0.06085225906968117
991 0.05960805884003639
994 0.05860805884003639
997 0.05885225906968117
1000 0.05885225906968117
1003 0.05885225906968117
1006 0.05885225906968117
1009 0.05885225906968117
1012 0.05885225906968117
1015 0.05885225906968117
1018 0.05885225906968117
1021 0.05885225906968117
1024 0.05909645929932594
1027 0.05860805884003639
1030 0.05860805884003639
1033 0.05885225906968117
1036 0.05885225906968117
1039 0.05885225906968117
1042 0.05885225906968117
1045 0.05885225906968117
1048 0.05885225906968117
1051 0.05885225906968117
1054 0.05885225906968117
1057 0.05885225906968117
1060 0.05885225906968117
1063 0.05885225906968117
1066 0.05885225906968117
1069 0.05885225906968117
1072 0.05860805884003639
1075 0.05860805884003639
1078 0.05909645929932594
1081 0.05885225906968117
1084 0.05860805884003639
1087 0.05885225906968117
1090 0.05860805884003639
1093 0.05885225906968117
1096 0.05885225906968117
1099 0.05860805884003639
1102 0.05885225906968117
1105 0.05885225906968117
1108 0.05885225906968117
1111 0.05885225906968117
1114 0.05885225906968117
1117 0.05860805884003639
1120 0.05885225906968117
1123 0.05885225906968117
1126 0.05885225906968117
1129 0.05885225906968117
1132 0.05860805884003639
1135 0.05860805884003639
1138 0.05885225906968117
1141 0.05860805884003639
1144 0.05860805884003639
1147 0.05860805884003639
1150 0.05885225906968117
1153 0.05885225906968117
1156 0.05860805884003639
1159 0.05860805884003639
1162 0.05885225906968117
1165 0.05860805884003639
1168 0.05885225906968117
1171 0.05860805884003639
1174 0.05860805884003639
1177 0.05860805884003639
1180 0.05885225906968117
1183 0.05860805884003639
1186 0.05860805884003639
1189 0.05860805884003639
1192 0.05860805884003639
1195 0.05860805884003639
1198 0.05860805884003639
1201 0.05860805884003639
1204 0.05885225906968117
1207 0.05860805884003639
1210 0.05860805884003639
1213 0.05860805884003639
1216 0.05836385861039162
1219 0.05885225906968117
1222 0.05885225906968117
1225 0.05860805884003639
1228 0.05860805884003639
1231 0.05836385861039162
1234 0.05860805884003639
1237 0.05860805884003639
1240 0.05860805884003639
1243 0.05860805884003639
1246 0.05860805884003639
1249 0.05860805884003639
1252 0.05860805884003639
1255 0.05836385861039162
1258 0.05860805884003639
1261 0.05860805884003639
1264 0.05860805884003639
1267 0.05885225906968117
1270 0.05836385861039162
1273 0.05860805884003639
1276 0.05836385861039162
1279 0.05836385861039162
1282 0.05836385861039162
1285 0.05836385861039162
1288 0.05860805884003639
1291 0.05860805884003639
1294 0.05860805884003639
1297 0.05860805884003639
1300 0.05836385861039162
1303 0.05836385861039162
1306 0.05860805884003639
1309 0.05860805884003639
1312 0.05836385861039162
1315 0.05982905998826027
1318 0.05982905998826027
1321 0.05982905998826027
1324 0.05982905998826027
1330 0.06031746044754982
1333 0.060073260217905045
1336 0.06031746044754982
1339 0.06031746044754982
1342 0.06031746044754982
1345 0.060561660677194595
1348 0.06031746044754982
1357 0.05811965838074684
1360 0.05836385861039162
1363 0.05811965838074684
1366 0.05811965838074684
1369 0.05811965838074684
1372 0.05811965838074684
1381 0.05811965838074684
1384 0.05811965838074684
1387 0.057875458151102066
1390 0.05763125792145729
1393 0.057875458151102066
1396 0.057875458151102066
1405 0.05836385861039162
1408 0.05836385861039162
1411 0.05885225906968117
1414 0.05909645929932594
1417 0.05860805884003639
1420 0.05885225906968117
1423 0.05934065952897072
1432 0.05934065952897072
1435 0.059584859758615494
1438 0.059584859758615494
1441 0.05934065952897072
1444 0.059584859758615494
1447 0.05860805884003639
1456 0.05885225906968117
1459 0.05860805884003639
1462 0.05885225906968117
1465 0.05885225906968117
1468 0.05909645929932594
1477 0.05934065952897072
1480 0.05909645929932594
1483 0.059584859758615494
1486 0.059584859758615494
1489 0.059584859758615494
1492 0.05982905998826027
1495 0.059584859758615494
1504 0.05982905998826027
1507 0.05982905998826027
1510 0.05982905998826027
1513 0.05982905998826027
1516 0.059584859758615494
1522 0.05982905998826027
1525 0.0580073260217905045
1528 0.0580073260217905045
1531 0.05982905998826027
1534 0.05982905998826027
1537 0.05982905998826027
1540 0.05982905998826027
1549 0.05982905998826027
1552 0.05982905998826027
1555 0.0580073260217905045
1558 0.0580073260217905045
1561 0.05882905998826027
1564 0.058073260217905045
1573 0.05982905998826027
1576 0.05982905998826027
1579 0.059584859758615494
1582 0.06031746044754982
1585 0.059584859758615494
1588 0.060073260217905045
1594 0.059584859758615494
1597 0.05982905998826027
1600 0.05982905998826027
1603 0.0580073260217905045
1615 0.05909645929932594
1618 0.0580073260217905045
1621 0.05982905998826027
1624 0.05982905998826027
1633 0.060073260217905045
1636 0.059584859758615494
1639 0.05982905998826027
1642 0.05982905998826027
1645 0.0580073260217905045
1648 0.05982905998826027
1654 0.05934065952897072
1657 0.05982905998826027
1660 0.059584859758615494
1663 0.059584859758615494
1666 0.05934065952897072
1669 0.05909645929932594
1672 0.05934065952897072
1675 0.05885225906968117
1684 0.059584859758615494
1687 0.059584859758615494
1690 0.05934065952897072
1693 0.05934065952897072
1696 0.059584859758615494
1702 0.059584859758615494
1705 0.059584859758615494
1708 0.059584859758615494
1711 0.05934065952897072
1714 0.05934065952897072
1717 0.059584859758615494
1720 0.05934065952897072
1723 0.05934065952897072
1726 0.05934065952897072
1729 0.059584859758615494
1732 0.059584859758615494
1738 0.059584859758615494
1741 0.059584859758615494
1744 0.05934065952897072
1747 0.05934065952897072
1750 0.05934065952897072
1753 0.05934065952897072
1756 0.05934065952897072
1762 0.05885225906968117
1765 0.05934065952897072
1768 0.05885225906968117
1771 0.05885225906968117
1774 0.05909645929932594
1777 0.05885225906968117
1780 0.05885225906968117
1786 0.05860805884003639
1789 0.05885225906968117
1792 0.05909645929932594
1795 0.05909645929932594
1798 0.05836385861039162
1801 0.05860805884003639
1804 0.05885225906968117
1810 0.05909645929932594
1813 0.05909645929932594
1816 0.05909645929932594
1819 0.05885225906968117
1822 0.05860805884003639
1825 0.05885225906968117
1828 0.05836385861039162
1837 0.05860805884003639
1840 0.05836385861039162
1843 0.05860805884003639
1846 0.05860805884003639
1849 0.05836385861039162
1852 0.05836385861039162
1861 0.05860805884003639
1864 0.05860805884003639
1867 0.05860805884003639
1870 0.05860805884003639
1873 0.05836385861039162
1876 0.05836385861039162
1882 0.05836385861039162
1885 0.05860805884003639
1888 0.05836385861039162
1891 0.05860805884003639
1894 0.05860805884003639
1897 0.05860805884003639
1900 0.05860805884003639
1903 0.05836385861039162
1906 0.05860805884003639
1909 0.05860805884003639
1915 0.05860805884003639
1918 0.05885225906968117
1921 0.05860805884003639
1924 0.05885225906968117
1930 0.05885225906968117
1933 0.05860805884003639
1936 0.05885225906968117
1939 0.05860805884003639
1942 0.05860805884003639
1945 0.05885225906968117
1948 0.05885225906968117
1957 0.05909645929932594
1960 0.05885225906968117
1963 0.05885225906968117
1966 0.05836385861039162
1969 0.05860805884003639
1972 0.05860805884003639
1978 0.05885225906968117
1981 0.05860805884003639
1984 0.05860805884003639
1987 0.05885225906968117
1990 0.05836385861039162
1993 0.05860805884003639
1996 0.05836385861039162
2005 0.05885225906968117
2008 0.05860805884003639
2011 0.05860805884003639
2014 0.05836385861039162
2017 0.05860805884003639
2020 0.05860805884003639
2026 0.05860805884003639
2029 0.05885225906968117
2032 0.05885225906968117
2035 0.05860805884003639
2038 0.05860805884003639
2041 0.05836385861039162
2044 0.05885225906968117
2053 0.05860805884003639
2056 0.05860805884003639
2059 0.05836385861039162
2062 0.05836385861039162
2065 0.05811965838074684
2068 0.05811965838074684
2074 0.05836385861039162
2077 0.05836385861039162
2080 0.05860805884003639
2083 0.05860805884003639
2086 0.05860805884003639
2089 0.05860805884003639
2092 0.05885225906968117
2101 0.05860805884003639
2104 0.05885225906968117
2107 0.05836385861039162
2110 0.05885225906968117
2113 0.05885225906968117
2116 0.05909645929932594
2122 0.05885225906968117
2125 0.05885225906968117
2128 0.05885225906968117
2131 0.05885225906968117
2134 0.05885225906968117
2137 0.05860805884003639
2140 0.05885225906968117
2146 0.05885225906968117
2149 0.05885225906968117
2152 0.05885225906968117
2155 0.05860805884003639
2158 0.05860805884003639
2161 0.05860805884003639
2164 0.05860805884003639
2170 0.05811965838074684
2173 0.05836385861039162
2176 0.05860805884003639
2179 0.05836385861039162
2182 0.05860805884003639
2185 0.05836385861039162
2188 0.05860805884003639
2194 0.05836385861039162
2197 0.05811965838074684
2200 0.05860805884003639
2203 0.05860805884003639
2206 0.05836385861039162
2209 0.05836385861039162
2212 0.05860805884003639
2224 0.05811965838074684
2227 0.05836385861039162
2230 0.05836385861039162
2233 0.05860805884003639
2236 0.05811965838074684
2242 0.05811965838074684
2245 0.05836385861039162
2248 0.05836385861039162
2251 0.05860805884003639
2254 0.05860805884003639
2257 0.05885225906968117
2260 0.05885225906968117
2269 0.05860805884003639
2272 0.05860805884003639
2275 0.05860805884003639
2278 0.05860805884003639
2281 0.05860805884003639
2284 0.05860805884003639
2290 0.057875458151102066
2293 0.05836385861039162
2296 0.05860805884003639
2299 0.05836385861039162
2302 0.05860805884003639
2305 0.05836385861039162
2308 0.05836385861039162
2314 0.05836385861039162
2317 0.05860805884003639
2320 0.05860805884003639
2323 0.05860805884003639
2326 0.05860805884003639
2329 0.05836385861039162
2332 0.05885225906968117
2338 0.05885225906968117
2341 0.05860805884003639
2344 0.05860805884003639
2347 0.05860805884003639
2350 0.05860805884003639
2353 0.05860805884003639
2356 0.05885225906968117
2359 0.05860805884003639
2362 0.05836385861039162
2365 0.05885225906968117
2368 0.05860805884003639
2377 0.05860805884003639
2380 0.05885225906968117
2383 0.05860805884003639
2386 0.05860805884003639
2389 0.05860805884003639
2392 0.05860805884003639
2398 0.05885225906968117
2401 0.05860805884003639
2404 0.05860805884003639
2407 0.05860805884003639
2410 0.05860805884003639
2413 0.05836385861039162
2416 0.05836385861039162
2422 0.05860805884003639
2425 0.05836385861039162
2428 0.05885225906968117
2431 0.05860805884003639
2434 0.05885225906968117
2437 0.05860805884003639
2440 0.05860805884003639
2446 0.05860805884003639
2449 0.05860805884003639
2452 0.05860805884003639
2455 0.05885225906968117
2458 0.05860805884003639
2461 0.05885225906968117
2464 0.05836385861039162
2470 0.05885225906968117
2473 0.05885225906968117
2476 0.05860805884003639
2479 0.05885225906968117
2482 0.05909645929932594
2485 0.05860805884003639
2488 0.05885225906968117
2494 0.05885225906968117
2497 0.05885225906968117
2500 0.05860805884003639
2503 0.05860805884003639
2506 0.05885225906968117
2509 0.05909645929932594
2512 0.05836385861039162
2518 0.05860805884003639
2521 0.05885225906968117
2524 0.05885225906968117
2527 0.05860805884003639
2530 0.05860805884003639
2533 0.05860805884003639
2536 0.05860805884003639
2545 0.05860805884003639
2548 0.05885225906968117
2551 0.05885225906968117
2554 0.05885225906968117
2557 0.05909645929932594
2560 0.05860805884003639
2566 0.05860805884003639
2569 0.05860805884003639
2572 0.05885225906968117
2575 0.05860805884003639
2578 0.05885225906968117
2581 0.05885225906968117
2584 0.05885225906968117
2593 0.05885225906968117
2596 0.05811965838074684
2599 0.05860805884003639
2602 0.05860805884003639
2605 0.05860805884003639
2608 0.05860805884003639
2614 0.05811965838074684
2617 0.05836385861039162
2620 0.05836385861039162
2623 0.05811965838074684
2626 0.05836385861039162
2629 0.05811965838074684
2632 0.05836385861039162
