1 0.3758241832256317
4 0.28717949986457825
7 0.26349207758903503
10 0.3841269910335541
13 0.36434677243232727
16 0.325518935918808
19 0.27814409136772156
22 0.2630036771297455
25 0.3926739990711212
28 0.3946276009082794
31 0.2984127104282379
34 0.32210013270378113
37 0.37069597840309143
40 0.3760683834552765
43 0.26129427552223206
46 0.3360195457935333
49 0.390720397233963
52 0.2864468991756439
55 0.2935287058353424
58 0.325518935918808
61 0.34969475865364075
64 0.2876679003238678
67 0.28815630078315735
70 0.27106228470802307
73 0.3499389588832855
76 0.28717949986457825
79 0.29206350445747375
82 0.2708180844783783
85 0.35384616255760193
88 0.33772894740104675
91 0.3023199141025543
94 0.2835164964199066
97 0.26056167483329773
100 0.38730159401893616
103 0.380952388048172
106 0.3052503168582916
109 0.28009769320487976
112 0.38827839493751526
115 0.2884005010128021
118 0.2854700982570648
121 0.33357754349708557
124 0.3948718011379242
127 0.29010990262031555
130 0.2947497069835663
133 0.2730158865451813
136 0.34774115681648254
139 0.3521367609500885
142 0.2857142984867096
145 0.29523810744285583
148 0.26251527667045593
151 0.36141636967658997
154 0.3836385905742645
157 0.2627594769001007
160 0.3431013524532318
163 0.3897435963153839
166 0.2669108808040619
169 0.34358975291252136
172 0.39120879769325256
175 0.2647130787372589
178 0.32283273339271545
181 0.3186813294887543
184 0.31086692214012146
187 0.39340659976005554
190 0.28913310170173645
193 0.3064713180065155
196 0.2647130787372589
199 0.3919413983821869
202 0.3047619163990021
205 0.32185593247413635
208 0.26642248034477234
211 0.3946276009082794
214 0.32698413729667664
217 0.32991454005241394
220 0.27106228470802307
223 0.27741149067878723
226 0.39536020159721375
229 0.30818071961402893
232 0.3186813294887543
235 0.2659340798854828
238 0.3032967150211334
241 0.39218559861183167
244 0.37948718667030334
247 0.32893773913383484
250 0.27228328585624695
253 0.3528693616390228
256 0.3196581304073334
259 0.2796092927455902
262 0.3841269910335541
265 0.34847375750541687
268 0.2649572789669037
271 0.3789987862110138
274 0.31672772765159607
277 0.2647130787372589
280 0.34578755497932434
283 0.3025641143321991
286 0.29523810744285583
289 0.26227107644081116
292 0.4097680151462555
295 0.3213675320148468
298 0.2735042870044708
301 0.3076923191547394
304 0.40439561009407043
307 0.3052503168582916
310 0.25836387276649475
313 0.4019536077976227
316 0.36043956875801086
319 0.2598290741443634
322 0.37533578276634216
325 0.3990232050418854
328 0.2805860936641693
331 0.2967033088207245
334 0.26446887850761414
337 0.3926739990711212
340 0.28693529963493347
343 0.2903541028499603
346 0.25934067368507385
349 0.3499389588832855
352 0.4056166112422943
355 0.2908425033092499
358 0.3225885331630707
361 0.265689879655838
364 0.390720397233963
367 0.37533578276634216
370 0.2974359095096588
373 0.287423700094223
376 0.2588522732257843
379 0.3582417666912079
382 0.40537241101264954
385 0.2835164964199066
388 0.29719170928001404
391 0.26544567942619324
394 0.34652015566825867
397 0.31599512696266174
400 0.3284493386745453
403 0.267887681722641
406 0.27521368861198425
409 0.36849817633628845
412 0.2659340798854828
415 0.33284494280815125
418 0.3975580036640167
421 0.2967033088207245
424 0.2827838957309723
427 0.2598290741443634
430 0.3948718011379242
433 0.28424909710884094
436 0.26153847575187683
439 0.3057387173175812
442 0.3956044018268585
445 0.29010990262031555
448 0.30891332030296326
451 0.2639804780483246
454 0.3216117322444916
457 0.4017094075679779
460 0.30500611662864685
463 0.32478633522987366
466 0.291819304227829
469 0.277655690908432
472 0.3421245515346527
475 0.31086692214012146
478 0.2757020890712738
481 0.32991454005241394
484 0.2893773019313812
487 0.2600732743740082
490 0.3777777850627899
493 0.37264958024024963
496 0.3064713180065155
499 0.2835164964199066
502 0.2630036771297455
505 0.3702075779438019
508 0.38656899333000183
511 0.3301587402820587
514 0.26251527667045593
517 0.40830281376838684
520 0.4019536077976227
523 0.289621502161026
526 0.3213675320148468
529 0.26349207758903503
532 0.38754579424858093
535 0.3702075779438019
538 0.3223443329334259
541 0.28034189343452454
544 0.26056167483329773
547 0.38021978735923767
550 0.378754585981369
553 0.2957265079021454
556 0.28693529963493347
559 0.26227107644081116
562 0.3194139301776886
565 0.2937729060649872
568 0.2620268762111664
571 0.40610501170158386
574 0.31282052397727966
577 0.3323565423488617
580 0.26446887850761414
583 0.34945055842399597
586 0.3550671637058258
589 0.2915751039981842
592 0.31599512696266174
595 0.2757020890712738
598 0.3423687517642975
601 0.33064714074134827
604 0.26617828011512756
607 0.27643468976020813
610 0.35384616255760193
613 0.39242979884147644
616 0.323321133852005
619 0.27326008677482605
622 0.34847375750541687
625 0.371184378862381
628 0.3084249198436737
631 0.27741149067878723
634 0.2620268762111664
637 0.3274725377559662
640 0.28009769320487976
643 0.265689879655838
646 0.38534799218177795
649 0.3201465308666229
652 0.2788766920566559
655 0.2627594769001007
658 0.28424909710884094
661 0.29230770468711853
664 0.26153847575187683
667 0.3829059898853302
670 0.2879121005535126
673 0.2903541028499603
676 0.2637362778186798
679 0.3836385905742645
682 0.29792430996894836
685 0.3181929290294647
688 0.26544567942619324
691 0.3274725377559662
694 0.3142857253551483
697 0.31111112236976624
700 0.26422467827796936
703 0.39438340067863464
706 0.32087913155555725
709 0.3284493386745453
712 0.2837606966495514
715 0.3919413983821869
718 0.30695971846580505
721 0.27545788884162903
724 0.36752137541770935
727 0.32771673798561096
730 0.29499390721321106
733 0.27423688769340515
736 0.3579975664615631
739 0.31306472420692444
742 0.2676434814929962
745 0.37631258368492126
748 0.3638583719730377
751 0.3174603283405304
754 0.28302809596061707
757 0.2620268762111664
760 0.2876679003238678
763 0.26837608218193054
766 0.33479854464530945
769 0.30818071961402893
772 0.3067155182361603
775 0.26642248034477234
778 0.39413920044898987
781 0.32087913155555725
784 0.32796093821525574
787 0.2905983030796051
790 0.39633700251579285
793 0.33089134097099304
796 0.27716729044914246
799 0.3821733891963959
802 0.36361417174339294
805 0.3115995228290558
808 0.28229549527168274
811 0.2608058750629425
814 0.36239317059516907
817 0.3980464041233063
820 0.28424909710884094
823 0.2805860936641693
826 0.2590964734554291
829 0.37264958024024963
832 0.3897435963153839
835 0.28815630078315735
838 0.29108670353889465
841 0.3094017207622528
844 0.40048840641975403
847 0.3045177161693573
850 0.3172161281108856
853 0.2617826759815216
856 0.3125763237476349
859 0.32503053545951843
862 0.26520147919654846
865 0.3899877965450287
868 0.31282052397727966
871 0.3282051384449005
874 0.26642248034477234
877 0.37362638115882874
880 0.2866910994052887
883 0.2757020890712738
886 0.26935288310050964
889 0.3728937804698944
910 0.29304030537605286
913 0.28424909710884094
916 0.38021978735923767
919 0.3262515366077423
922 0.27008548378944397
925 0.3042735159397125
928 0.39413920044898987
931 0.32869353890419006
934 0.2757020890712738
937 0.3975580036640167
940 0.3057387173175812
943 0.33089134097099304
946 0.27106228470802307
949 0.27130648493766785
952 0.39731380343437195
955 0.3362637460231781
958 0.3294261395931244
961 0.2766788899898529
964 0.2637362778186798
967 0.3768009841442108
970 0.3523809611797333
973 0.2957265079021454
976 0.2815628945827484
979 0.2630036771297455
982 0.37362638115882874
985 0.38144078850746155
988 0.28107449412345886
991 0.2854700982570648
994 0.2686202824115753
997 0.3514041602611542
1000 0.3789987862110138
1003 0.28400489687919617
1006 0.30989012122154236
1009 0.2588522732257843
1012 0.335286945104599
1015 0.31697192788124084
1018 0.2617826759815216
1021 0.27912089228630066
1024 0.3758241832256317
1027 0.2825396955013275
1030 0.2649572789669037
1033 0.2590964734554291
1036 0.37533578276634216
1045 0.2720390856266022
1048 0.26520147919654846
1051 0.3816849887371063
1054 0.28205129504203796
1057 0.28229549527168274
1060 0.26227107644081116
1063 0.3677655756473541
1066 0.39047619700431824
1069 0.28424909710884094
1072 0.2630036771297455
1075 0.40439561009407043
1078 0.2893773019313812
1081 0.28693529963493347
1084 0.3369963467121124
1087 0.31306472420692444
1090 0.26056167483329773
1093 0.42222222685813904
1096 0.32185593247413635
1099 0.27814409136772156
1102 0.2617826759815216
1105 0.38559219241142273
1108 0.3748473823070526
1111 0.3057387173175812
1114 0.2837606966495514
1117 0.2649572789669037
1120 0.37631258368492126
1123 0.37753358483314514
1126 0.2866910994052887
1129 0.28620269894599915
1132 0.2617826759815216
1135 0.3699633777141571
1138 0.3797313868999481
1141 0.28815630078315735
1144 0.28620269894599915
1147 0.26422467827796936
1150 0.3638583719730377
1153 0.3826617896556854
1156 0.2876679003238678
1159 0.2886447012424469
1162 0.39633700251579285
1165 0.2818070948123932
1168 0.2905983030796051
1171 0.32087913155555725
1174 0.39511600136756897
1177 0.28522589802742004
1180 0.289621502161026
1183 0.26031747460365295
1186 0.3680097758769989
1189 0.3184371292591095
1192 0.3345543444156647
1195 0.3890109956264496
1198 0.2864468991756439
1201 0.2898657023906708
1204 0.2617826759815216
1207 0.3658119738101959
1210 0.37338218092918396
1213 0.31013432145118713
1216 0.28205129504203796
1219 0.2630036771297455
1222 0.38559219241142273
1225 0.34945055842399597
1228 0.3294261395931244
1231 0.27619048953056335
1234 0.2649572789669037
1237 0.279853492975235
1240 0.27228328585624695
1243 0.26813188195228577
1246 0.35653236508369446
1249 0.3284493386745453
1252 0.27643468976020813
1255 0.26153847575187683
1258 0.4000000059604645
1261 0.3304029405117035
1264 0.3274725377559662
1267 0.26715508103370667
1270 0.2796092927455902
1273 0.3995116055011749
1276 0.29792430996894836
1279 0.31770452857017517
1282 0.279853492975235
1285 0.3401709496974945
1288 0.3897435963153839
1291 0.28131869435310364
1294 0.2927961051464081
1297 0.26324787735939026
1300 0.3838827908039093
1303 0.32991454005241394
1306 0.2796092927455902
1309 0.26422467827796936
1312 0.2935287058353424
1315 0.26813188195228577
1318 0.28620269894599915
1321 0.31379732489585876
1324 0.3186813294887543
1327 0.28107449412345886
1330 0.3877899944782257
1333 0.31086692214012146
1336 0.265689879655838
1339 0.35482296347618103
1342 0.3216117322444916
1345 0.28400489687919617
1348 0.3164835274219513
1351 0.2669108808040619
1354 0.3582417666912079
1357 0.3780219852924347
1360 0.323321133852005
1363 0.2739926874637604
1366 0.38925519585609436
1369 0.31794872879981995
1372 0.26544567942619324
1375 0.37167277932167053
1378 0.28302809596061707
1381 0.2747252881526947
1384 0.26422467827796936
1387 0.28620269894599915
1390 0.267887681722641
1393 0.32307693362236023
1396 0.3909645974636078
1399 0.265689879655838
1402 0.33992674946784973
1405 0.38461539149284363
1408 0.2837606966495514
1411 0.28327229619026184
1414 0.3582417666912079
1417 0.34163615107536316
1420 0.28009769320487976
1423 0.2747252881526947
1426 0.3382173478603363
1429 0.32796093821525574
1432 0.2669108808040619
1435 0.28522589802742004
1438 0.3909645974636078
1441 0.2876679003238678
1444 0.26813188195228577
1447 0.35775336623191833
1450 0.37362638115882874
1453 0.3291819393634796
1456 0.2786324918270111
1459 0.2669108808040619
1462 0.31599512696266174
1465 0.3311355412006378
1468 0.267887681722641
1471 0.3340659439563751
1474 0.39413920044898987
1477 0.2818070948123932
1480 0.3235653340816498
1483 0.3926739990711212
1486 0.32503053545951843
1489 0.2649572789669037
1492 0.36752137541770935
1495 0.2857142984867096
1498 0.33162394165992737
1501 0.31477412581443787
1504 0.2725274860858917
1507 0.2637362778186798
1510 0.402686208486557
1513 0.30500611662864685
1516 0.3272283375263214
1519 0.2854700982570648
1522 0.26935288310050964
1525 0.4068376123905182
1528 0.2945055067539215
1531 0.3216117322444916
1534 0.279853492975235
1537 0.3970696032047272
1540 0.2974359095096588
1543 0.311355322599411
1546 0.26227107644081116
1549 0.3670329749584198
1552 0.3870573937892914
1555 0.2935287058353424
1558 0.2835164964199066
1561 0.37264958024024963
1564 0.3533577620983124
1567 0.28913310170173645
1570 0.2627594769001007
1573 0.39413920044898987
1576 0.3076923191547394
1579 0.2720390856266022
