1 0.19560439884662628
2 0.22466422617435455
3 0.19609279930591583
4 0.20488400757312775
5 0.23956044018268585
6 0.21074481308460236
7 0.22442002594470978
8 0.2349328452348709
9 0.20781441032886505
10 0.2004884034395218
11 0.23054946541786194
12 0.21490842640399933
13 0.215323566794395447
14 0.201782661974430084
15 0.22930403053760529
16 0.21294261515140533
17 0.202002442181110382
18 0.2327472674846649
19 0.21855922043323517
20 0.236141636967659
21 0.20976801216602325
22 0.20195360481739044
23 0.2349328452348709
24 0.20683760941028595
25 0.22002442181110382
26 0.190476194024086
27 0.18168498575687408
28 0.2251526266336441
29 0.19804640114307404
30 0.22442002594470978
31 0.1963369995355606
32 0.214407816529274
33 0.22344322502613068
34 0.1995116025209427
35 0.20024420320987701
36 0.20976801216602325
37 0.23199023306369781
38 0.19560439884662628
39 0.20390720665454865
40 0.212210014462471
41 0.1995116025209427
42 0.22564102709293365
43 0.1943833976984024
44 0.1894993931055069
45 0.23296703398227692
46 0.20219780504703522
47 0.21343101561069489
48 0.19218559563159943
49 0.2034188061952591
50 0.18901099264621735
51 0.2310134321451187
52 0.20415140688419342
53 0.20317460596561432
54 0.224175825715065
55 0.2302808314561844
56 0.1973138004541397
57 0.20000000298023224
58 0.20586080849170685
59 0.20952381193637848
60 0.20268620550632477
61 0.22368742525577545
62 0.19120879471302032
63 0.1943833976984024
64 0.21343101561069489
65 0.18681319057941437
66 0.18974359333515167
67 0.212210014462471
68 0.18192918598651886
69 0.17997558414936066
70 0.22197802364826202
71 0.19413919746875763
72 0.20219780504703522
73 0.19389499723911285
74 0.19584859907627106
75 0.2183150202035904
76 0.18998779356479645
77 0.19169719517230988
78 0.224175825715065
79 0.1982906013727188
80 0.22368742525577545
81 0.1934065967798233
82 0.19194139540195465
83 0.22735042870044708
84 0.20415140688419342
85 0.21269841492176056
86 0.19413919746875763
87 0.19291819632053375
88 0.19218559563159943
89 0.1894993931055069
90 0.20415140688419342
91 0.19902320206165314
92 0.1865689903497696
93 0.18778999149799347
94 0.20366300642490387
95 0.21953602135181427
96 0.1924297958612442
97 0.19096459448337555
98 0.2290598303079605
99 0.20781441032886505
100 0.22173382341861725
101 0.19462759792804718
102 0.1943833976984024
103 0.22857142984867096
104 0.21050061285495758
105 0.22881563007831573
106 0.20024420320987701
107 0.2102564126253128
108 0.2141636162996292
109 0.21709401905536652
110 0.23736263811588287
111 0.20854701101779938
112 0.21660561859607697
113 0.20293040573596954
114 0.21807081997394562
115 0.2302808314561844
116 0.20122100412845612
117 0.21098901331424713
118 0.2390720397233963
119 0.20805861055850983
120 0.214407816529274
121 0.1982906013727188
122 0.20561660826206207
123 0.2341880351305008
124 0.212210014462471
125 0.22466422617435455
126 0.23272283375263214
127 0.1953601986169815
128 0.21367521584033966
129 0.22271062433719635
130 0.20000000298023224
131 0.19658119976520538
132 0.22783882915973663
133 0.20952381193637848
134 0.22588522732257843
135 0.19804640114307404
136 0.20097680389881134
137 0.2351648360490799
138 0.20805861055850983
139 0.212210014462471
140 0.19804640114307404
141 0.2131868153810501
142 0.21391941606998444
143 0.2310134321451187
144 0.23249084293842316
145 0.20879121124744415
146 0.19952381193637848
147 0.23444444477558136
148 0.2071062284708023
149 0.203174603283405304
150 0.18202368742525577545
151 0.23639804661273956
152 0.2056167483329773
153 0.192148962318897247
154 0.21368742525577545
155 0.23468864470720291
156 0.204029304087162018
157 0.1830036771297455
158 0.20686202824115753
159 0.22979243099689484
160 0.2307936656475067
161 0.2290720397233963
162 0.20449328452348709
163 0.204175825715065
164 0.2300488406419754
165 0.19251527667045593
166 0.20539682686328888
167 0.20979243099689484
168 0.23835164844989777
169 0.20686202824115753
170 0.23249084293842316
171 0.1900366312265396
172 0.2390720397233963
173 0.2078754723072052
174 0.20368742525577545
175 0.20759462893009186
176 0.23544567942619324
177 0.2020024424791336
178 0.18054946541786194
179 0.21953602135181427
180 0.20832722961902618
181 0.23910868287086487
182 0.20737484753131866
183 0.19369963467121124
184 0.2076434814929962
185 0.21956044018268585
186 0.23443223536014557
187 0.23247863352298737
188 0.2017704665660858
189 0.196642248034477234
190 0.20686202824115753
191 0.20492063581943512
192 0.2310500752925873
193 0.20030526518821716
194 0.202246642410755157
195 0.23443223536014557
196 0.2095970833301544
197 0.23980464041233063
198 0.23540903627872467
199 0.1905738842487335
200 0.2000610649585724
201 0.23078144133090973
202 0.19422467827796936
203 0.22490842640399933
204 0.2039560443162918
205 0.2317948853969574
206 0.2071184378862381
207 0.20565323650836945
208 0.1998290741443634
209 0.238107448220253
210 0.20786324799060822
211 0.21345543444156647
212 0.2027472674846649
213 0.2388644826412201
214 0.22881563007831573
215 0.20199023306369781
216 0.1978998911380768
217 0.23030526518821716
218 0.20566544592380524
219 0.21956044018268585
220 0.23129427552223206
221 0.20326008677482605
222 0.20394383490085602
223 0.19936509251594543
224 0.23369963467121124
225 0.2068986713886261
226 0.2108058750629425
227 0.22637362778186798
228 0.2341880351305008
229 0.2059462893009186
230 0.20030526518821716
231 0.1917704665660858
232 0.23199023306369781
233 0.20517704546451569
234 0.2016729044914246
235 0.23737484753131866
236 0.20468864500522614
237 0.19687423765659332
238 0.20421246886253357
239 0.23545788884162903
240 0.23199023306369781
241 0.20421246886253357
242 0.19423688769340515
243 0.23687423765659332
244 0.2000488406419754
245 0.22759462893009186
246 0.2380952388048172
247 0.19228328585624695
248 0.22295482456684113
249 0.21465201675891876
250 0.2329914677143097
251 0.212210014462471
252 0.22735042870044708
253 0.2092796117067337
254 0.19857142984867096
255 0.2222222238779068
256 0.23250306725502014
257 0.214407816529274
258 0.21978022158145905
259 0.23884004890918732
260 0.2010134321451187
261 0.203369963467121124
262 0.21953602135181427
263 0.2322344332933426
264 0.1917704665660858
265 0.21660561859607697
266 0.22173382341861725
267 0.2390720397233963
268 0.22759462893009186
269 0.236141636967659
270 0.20683760941028595
271 0.2112332135438919
272 0.20664224684238434
273 0.21880342066287994
274 0.2212454229593277
275 0.234444444477558136
276 0.21465201675891876
277 0.21343101561069489
278 0.20757021009922028
279 0.2192918211221695
280 0.23760683834552765
281 0.20757021009922028
282 0.2112332135438919
283 0.20805861055850983
284 0.22173382341861725
285 0.2390720397233963
286 0.20952381193637848
287 0.21391941606998444
288 0.20781441032886505
289 0.2212454229593277
290 0.20781441032886505
291 0.22173382341861725
292 0.2300488406419754
293 0.21172161400318146
294 0.21465201675891876
295 0.2073260098695755
296 0.21807081997394562
297 0.2320024424791336
298 0.21245421469211578
299 0.22075702250003815
300 0.20976801216602325
301 0.23224664270877838
302 0.20224664270877838
303 0.21001221239566803
304 0.2212454229593277
305 0.23589743673801422
306 0.20683760941028595
307 0.2131868153810501
308 0.2112332135438919
309 0.22588522732257843
310 0.23224664270877838
311 0.22100122272968292
312 0.20247863352298737
313 0.2092796117067337
314 0.2251526266336441
315 0.19249084293842316
316 0.23420024454593658
317 0.19056167483329773
318 0.2041880351305008
319 0.20390720397233963
320 0.21684981882572174
321 0.21953602135181427
322 0.2390720397233963
323 0.2080952388048172
324 0.19934067368507385
325 0.23467643558979034
326 0.20273504316806793
327 0.2153846174478531
328 0.2051526266336441
329 0.23443223536014557
330 0.20029304087162018
331 0.2202686220407486
332 0.1976312720775604
333 0.2151404172182083
334 0.23857142984867096
335 0.2008058750629425
336 0.20492063581943512
337 0.23053724110126495
338 0.2151404172182083
339 0.22075702250003815
340 0.2378754723072052
341 0.20443223536014557
342 0.2000488406419754
343 0.21807081997394562
344 0.22002442181110382
345 0.23836387276649475
346 0.20979243099689484
347 0.2261294275522232
348 0.2271062284708023
349 0.23150183260440826
350 0.20371184408664703
351 0.20903541147708893
352 0.2222222238779068
353 0.23932844936847687
354 0.2173382192850113
355 0.22271062433719635
356 0.2307936656475067
357 0.23345543444156647
358 0.20930403053760529
359 0.19151404201984406
360 0.23589743673801422
361 0.20420024454593658
362 0.22148962318897247
363 0.204175825715065
364 0.23225886702537537
365 0.2080830293893814
366 0.21344322502613068
367 0.234126984179019928
368 0.20589743673801422
369 0.21076923191547394
370 0.2280830293893814
371 0.23736263811588287
372 0.2020024424791336
373 0.22051282227039337
374 0.20468864500522614
375 0.2310378658771515
376 0.21758241951465607
377 0.23956044018268585
378 0.2000732743740082
379 0.2212454229593277
380 0.21490842640399933
381 0.2398290741443634
382 0.2280830293893814
383 0.20857142984867096
384 0.23296703398227692
385 0.2049328452348709
386 0.2141636162996292
387 0.19148962318897247
388 0.2320146667957306
389 0.20735042870044708
390 0.2341880351305008
391 0.2027472674846649
392 0.22271062433719635
393 0.23394383490085602
394 0.23492063581943512
395 0.22759462893009186
396 0.2271062284708023
397 0.2251526266336441
398 0.20836387276649475
399 0.23882783949375153
400 0.203724068403244
401 0.22075702250003815
402 0.22564102709293365
403 0.236141636967659
404 0.20468864500522614
405 0.1988522732257843
406 0.23492063581943512
407 0.22857142984867096
408 0.20637362778186798
409 0.23443223536014557
410 0.19324787735939026
411 0.2231990247964859
412 0.22246642410755157
413 0.238107448220253
414 0.19664224684238434
415 0.217826759815216
416 0.23956044018268585
417 0.2380952388048172
418 0.202295482456684113
419 0.2271062284708023
420 0.22100122272968292
421 0.23468864500522614
422 0.20957264959812164
423 0.19054946541786194
424 0.23642248034477234
425 0.23369963467121124
426 0.2010134321451187
427 0.20174603283405304
428 0.1930036771297455
429 0.2398412835597992
430 0.23687423765659332
431 0.23858363926410675
432 0.2049572789669037
433 0.19031747460365295
434 0.2320146667957306
435 0.2390842491388321
436 0.20273504316806793
437 0.2180952388048172
438 0.23008548378944397
439 0.2310134321451187
440 0.23540903627872467
441 0.2066788899898529
442 0.19273504316806793
443 0.2390720397233963
444 0.20910868287086487
445 0.2010378658771515
446 0.2126984179019928
447 0.2348107448220253
448 0.20421246886253357
449 0.1944810879230499
450 0.23638583719730377
451 0.20078144133090973
452 0.2041880351305008
453 0.1966788899898529
454 0.2339560443162918
455 0.23931623995304108
456 0.20715508103370667
457 0.2127472674846649
458 0.19371184408664703
459 0.2390720397233963
460 0.1871428716182709
461 0.20349207758903503
462 0.22539682686328888
463 0.23249084293842316
464 0.20326008677482605
465 0.24175824224948883
466 0.23736263811588287
467 0.20468864500522614
468 0.2066544711589813
469 0.19736263811588287
470 0.22735042870044708
471 0.2376434814929962
472 0.22661782801151276
473 0.20394383490085602
474 0.23446887850761414
475 0.23724068403244
476 0.20578754723072052
477 0.2302808314561844
478 0.20882783949375153
479 0.20420024454593658
480 0.2371428716182709
481 0.1949694883823395
482 0.2000610649585724
483 0.2386080729961395
484 0.22759462893009186
485 0.20663003742694855
486 0.2051648360490799
487 0.23639804661273956
488 0.206935288310050964
489 0.20664224684238434
490 0.23056167483329773
491 0.2310134321451187
492 0.20443223536014557
493 0.22881563007831573
494 0.20052503168582916
495 0.210500752925873
496 0.24932844936847687
497 0.20539682686328888
498 0.2290598303079605
499 0.20468864500522614
500 0.2366666805744171
501 0.2302808314561844
502 0.20296703398227692
503 0.21078144133090973
504 0.2429792433977127
505 0.20617828011512756
506 0.21346764385700226
507 0.2020024424791336
508 0.2112332135438919
509 0.23467643558979034
510 0.23444444477558136
511 0.22539682686328888
512 0.19030526518821716
513 0.203724068403244
514 0.23150183260440826
515 0.23687423765659332
516 0.1998412835597992
517 0.20054946541786194
518 0.20739928126335144
519 0.22442002594470978
520 0.23345543444156647
521 0.2066666805744171
522 0.21250306725502014
523 0.2078754723072052
524 0.22637362778186798
525 0.23931623995304108
526 0.2047252881526947
527 0.21590964615345
528 0.21249084293842316
529 0.23443223536014557
530 0.24029304087162018
531 0.205921870470047
532 0.20153847575187683
533 0.21619048953056335
534 0.2320268762111664
535 0.2027594769001007
536 0.20833943903446198
537 0.1971428716182709
538 0.2396092927455902
539 0.20932844936847687
540 0.24468864500522614
541 0.2517704665660858
542 0.21910868287086487
543 0.2078998911380768
544 0.23687423765659332
545 0.24468864500522614
546 0.20008548378944397
547 0.20836387276649475
548 0.23545788884162903
549 0.2312576323747635
550 0.20078144133090973
551 0.197814409136772156
552 0.23031747460365295
553 0.24544567942619324
554 0.23150183260440826
555 0.20053724110126495
556 0.20326008677482605
557 0.19324787735939026
558 0.21228328585624695
559 0.2390720397233963
560 0.24249084293842316
561 0.20833943903446198
562 0.1968986713886261
563 0.2227838957309723
564 0.23153847575187683
565 0.2035042870044708
566 0.21859584867954254
567 0.2320146667957306
568 0.23833943903446198
569 0.1949328452348709
570 0.23931623995304108
571 0.24664224684238434
572 0.2188644826412201
573 0.20346764385700226
574 0.2120390856266022
575 0.24029304087162018
576 0.20761904776096344
577 0.2129914677143097
578 0.20521368861198425
579 0.2322344332933426
580 0.21957264959812164
581 0.2005738842487335
582 0.203760683834552765
583 0.2139560443162918
584 0.23931623995304108
585 0.24322344362735748
586 0.20422467827796936
587 0.215689879655838
588 0.19131869435310364
589 0.23836387276649475
590 0.22269108808040619
591 0.2065323650836945
592 0.21249084293842316
593 0.2449328452348709
594 0.219804780483246
595 0.22271306473016739
596 0.20150183260440826
597 0.23128206610679626
598 0.2153847575187683
599 0.2172283375263214
600 0.200488406419754
601 0.23641027092933655
602 0.24129427552223206
603 0.22739928126335144
604 0.2002808314561844
605 0.2190720397233963
606 0.2047252881526947
607 0.2388522732257843
608 0.2486080729961395
609 0.20199023306369781
610 0.21981684982776642
611 0.22788766920566559
612 0.214932844936847687
613 0.2410256415605545
614 0.2049328452348709
615 0.2130036771297455
616 0.2327716863155365
617 0.23296703398227692
618 0.21175824224948883
619 0.20205129504203796
620 0.2098290741443634
621 0.2368986713886261
622 0.23931623995304108
623 0.21836387276649475
624 0.22273504316806793
625 0.24542124569416046
626 0.21617828011512756
627 0.204517704546451569
628 0.2169108808040619
629 0.23589743673801422
630 0.21904762089252472
631 0.2183150202035904
632 0.2192918211221695
633 0.24786324799060822
634 0.22979243099689484
635 0.21153847575187683
636 0.23539682686328888
637 0.21611721813678741
638 0.22344322502613068
639 0.21367521584033966
640 0.24786324799060822
641 0.21393162548542023
642 0.2078754723072052
643 0.2251526266336441
644 0.2400488406419754
645 0.2410500752925873
646 0.23443223536014557
647 0.2098290741443634
648 0.22246642410755157
649 0.21199023306369781
650 0.2202686220407486
651 0.2322344332933426
652 0.24349207758903503
653 0.22954823076725006
654 0.21638583719730377
655 0.2200732743740082
656 0.23565323650836945
657 0.24250306725502014
658 0.2183150202035904
659 0.22100122272968292
660 0.20687423765659332
661 0.22173382341861725
662 0.24639804661273956
663 0.2092796117067337
664 0.22368742525577545
665 0.21050061285495758
666 0.21782661974430084
667 0.24151404201984406
668 0.20854701101779938
669 0.22075702250003815
670 0.21345543444156647
671 0.21855922043323517
672 0.23785103857517242
673 0.20463980734348297
674 0.20805861055850983
675 0.23931623995304108
676 0.2173382192850113
677 0.20443223536014557
678 0.20561660826206207
679 0.2043956071138382
680 0.23956044018268585
681 0.2083028107881546
682 0.22490842640399933
683 0.19316239655017853
684 0.22588522732257843
685 0.24737484753131866
686 0.2183150202035904
687 0.22076923191547394
688 0.21611721813678741
689 0.20222222238779068
690 0.2327472674846649
691 0.22051282227039337
692 0.20661782801151276
693 0.2153846174478531
694 0.2312576323747635
695 0.24421246886253357
696 0.21855922043323517
697 0.2012576323747635
698 0.2261294275522232
699 0.2151648360490799
700 0.23724068403244
701 0.21465201675891876
702 0.20588522732257843
703 0.2351648360490799
704 0.22881563007831573
705 0.24420024454593658
706 0.20879121124744415
707 0.2092796117067337
708 0.2410256415605545
709 0.2222222238779068
710 0.23589743673801422
711 0.20879121124744415
712 0.21880342066287994
713 0.2010378658771515
714 0.21978022158145905
715 0.22393162548542023
716 0.2192918211221695
717 0.23199023306369781
718 0.23150183260440826
719 0.2183150202035904
720 0.21294261515140533
721 0.20761904776096344
722 0.22759462893009186
723 0.2002808314561844
724 0.2341880351305008
725 0.21152626633644104
726 0.21904762089252472
727 0.22271062433719635
728 0.21782661974430084
729 0.23369963467121124
730 0.2410378658771515
731 0.2151404172182083
732 0.21637362778186798
733 0.23785103857517242
734 0.23247863352298737
735 0.2057264959812164
736 0.21465201675891876
737 0.22637362778186798
738 0.24249084293842316
739 0.23394383490085602
740 0.2212454229593277
741 0.2032112342119217
742 0.2161294275522232
743 0.23858363926410675
744 0.21492063581943512
745 0.2020146667957306
746 0.21660561859607697
747 0.23588522732257843
748 0.21367521584033966
749 0.20638583719730377
750 0.2323566794395447
751 0.21611721813678741
752 0.22442002594470978
753 0.2022222238779068
754 0.23565323650836945
755 0.247008693218231
756 0.2222222238779068
757 0.21684981882572174
758 0.2071428716182709
759 0.22490842640399933
760 0.242832722961902618
761 0.21562881767749786
762 0.20052503168582916
763 0.2361660706996918
764 0.22393162548542023
765 0.20980464041233063
766 0.21880342066287994
767 0.23930403053760529
768 0.2061660706996918
769 0.21660561859607697
770 0.23518926978111267
771 0.224175825715065
772 0.20832722961902618
773 0.21367521584033966
774 0.20002442181110382
775 0.2410378658771515
776 0.21490842640399933
777 0.20858363926410675
778 0.212210014462471
779 0.21782661974430084
780 0.2420146667957306
781 0.21343101561069489
782 0.202808314561844
783 0.21271062433719635
784 0.23785103857517242
785 0.23492063581943512
786 0.203724068403244
787 0.21343101561069489
788 0.22490842640399933
789 0.21709401905536652
790 0.23589743673801422
791 0.2408058750629425
792 0.21174603283405304
793 0.208107448220253
794 0.22051282227039337
795 0.23443223536014557
796 0.23272283375263214
797 0.24030526518821716
798 0.22686202824115753
799 0.2032112342119217
800 0.2329792433977127
801 0.24520147919654846
802 0.21540903627872467
803 0.22590964615345
804 0.2192918211221695
805 0.22588522732257843
806 0.2412576323747635
807 0.20832722961902618
808 0.222344332933426
809 0.2151404172182083
810 0.22344322502613068
811 0.24518926978111267
812 0.23369963467121124
813 0.207936656475067
814 0.21855922043323517
815 0.2290598303079605
816 0.22368742525577545
817 0.2439560443162918
818 0.2366544711589813
819 0.20442002594470978
820 0.2100488406419754
821 0.21347986817359924
822 0.23758241951465607
823 0.22466422617435455
824 0.2068986713886261
825 0.2296703398227692
826 0.24663003742694855
827 0.2261294275522232
828 0.2032112342119217
829 0.22979243099689484
830 0.20832722961902618
831 0.202808314561844
832 0.2412454229593277
833 0.2388522732257843
834 0.2071184378862381
835 0.22930403053760529
836 0.21174603283405304
837 0.206141636967659
838 0.23641027092933655
839 0.21684981882572174
840 0.21147741377353668
841 0.20345543444156647
842 0.21001221239566803
843 0.23904762089252472
844 0.20268620550632477
845 0.21391941606998444
846 0.21736263811588287
847 0.23658119976520538
848 0.2014652043581009
849 0.20468864500522614
850 0.21196581423282623
851 0.2373382192850113
852 0.22564102709293365
853 0.21709401905536652
854 0.2332112342119217
855 0.21001221239566803
856 0.21855922043323517
857 0.2439560443162918
858 0.20488400757312775
859 0.21489621698856354
860 0.236141636967659
861 0.2173382192850113
862 0.22368742525577545
863 0.20512820780277252
864 0.22246642410755157
865 0.23931623995304108
866 0.20122100412845612
867 0.20170940458774567
868 0.24151404201984406
869 0.21074481308460236
870 0.2141636162996292
871 0.20757021009922028
872 0.2441636162996292
873 0.2310134321451187
874 0.20000000298023224
875 0.20415140688419342
876 0.23029304087162018
877 0.231868153810501
878 0.214407816529274
879 0.2083028107881546
880 0.2183150202035904
881 0.23638583719730377
882 0.20097680389881134
883 0.20073260366916656
884 0.23394383490085602
885 0.21294261515140533
886 0.22344322502613068
887 0.20586080849170685
888 0.21391941606998444
889 0.2390720397233963
890 0.20488400757312775
891 0.21050061285495758
892 0.21196581423282623
893 0.2153846174478531
894 0.23369963467121124
895 0.19877900183200836
896 0.20879121124744415
897 0.2251526266336441
898 0.23294261515140533
899 0.2280830293893814
900 0.19682539999485016
901 0.2353846174478531
902 0.19658119976520538
903 0.1973138004541397
904 0.20589743673801422
905 0.23610500872135162
906 0.214407816529274
907 0.20366300642490387
908 0.21245421469211578
909 0.23760683834552765
910 0.20317460596561432
911 0.20952381193637848
912 0.2153846174478531
913 0.214407816529274
914 0.23174603283405304
915 0.1985348016023636
916 0.20000000298023224
917 0.23369963467121124
918 0.20489621698856354
919 0.20735042870044708
920 0.19877900183200836
921 0.234188061952591
922 0.20257631331682205
923 0.209890110045671463
924 0.19431014120578766
925 0.2319625153362751007
926 0.21465201675891876
927 0.224175825715065
928 0.2349328452348709
929 0.20781441032886505
930 0.2004884034395218
931 0.23054946541786194
932 0.21490842640399933
933 0.215323566794395447
934 0.201782661974430084
935 0.22930403053760529
936 0.21294261515140533
937 0.202002442181110382
938 0.2327472674846649
939 0.21855922043323517
940 0.236141636967659
941 0.20976801216602325
942 0.20195360481739044
943 0.2349328452348709
944 0.20683760941028595
945 0.22002442181110382
946 0.190476194024086
947 0.18168498575687408
948 0.21074481308460236

949 0.20781441032886505
950 0.2004884034395218
951 0.23054946541786194
952 0.21490842640399933
953 0.215323566794395447
954 0.201782661974430084
955 0.22930403053760529
956 0.21294261515140533
957 0.202002442181110382
958 0.2327472674846649
959 0.21855922043323517
960 0.236141636967659
961 0.20976801216602325
962 0.20195360481739044
963 0.2349328452348709
964 0.20683760941028595
965 0.22002442181110382
966 0.190476194024086
967 0.18168498575687408
968 0.2251526266336441
969 0.19804640114307404
970 0.22442002594470978
971 0.1963369995355606
972 0.214407816529274
973 0.22344322502613068
974 0.1995116025209427
975 0.20024420320987701
976 0.20976801216602325
977 0.23199023306369781
978 0.19560439884662628
979 0.20390720665454865
980 0.212210014462471
981 0.23995116025209427
982 0.20564102709293365
983 0.19609279930591583
984 0.20488400757312775
985 0.23956044018268585
