1 0.05811965838074684
4 0.05763125792145729
7 0.057875458151102066
10 0.05763125792145729
13 0.05811965838074684
16 0.05811965838074684
19 0.057875458151102066
22 0.057875458151102066
25 0.057875458151102066
28 0.057875458151102066
31 0.05811965838074684
34 0.05836385861039162
37 0.057875458151102066
40 0.057875458151102066
43 0.05811965838074684
46 0.057875458151102066
49 0.057387057691812515
52 0.057875458151102066
55 0.05811965838074684
58 0.05811965838074684
61 0.057875458151102066
64 0.057875458151102066
67 0.05763125792145729
70 0.05763125792145729
73 0.05763125792145729
76 0.057875458151102066
79 0.057875458151102066
82 0.057875458151102066
85 0.05811965838074684
88 0.057875458151102066
91 0.057875458151102066
94 0.05763125792145729
97 0.057875458151102066
100 0.057875458151102066
103 0.057875458151102066
106 0.057875458151102066
109 0.05763125792145729
112 0.05811965838074684
115 0.057875458151102066
118 0.057875458151102066
121 0.057875458151102066
124 0.057875458151102066
127 0.057875458151102066
130 0.05763125792145729
133 0.057875458151102066
136 0.05811965838074684
139 0.055763125792145729
142 0.055763125792145729
145 0.057875458151102066
148 0.057875458151102066
151 0.05811965838074684
154 0.057875458151102066
157 0.05763125792145729
160 0.057875458151102066
163 0.057875458151102066
166 0.05811965838074684
169 0.05763125792145729
172 0.05811965838074684
175 0.057387057691812515
178 0.057875458151102066
181 0.05811965838074684
184 0.057875458151102066
187 0.057875458151102066
190 0.057875458151102066
193 0.05811965838074684
196 0.057875458151102066
199 0.057875458151102066
202 0.05763125792145729
205 0.057387057691812515
208 0.05763125792145729
211 0.05763125792145729
214 0.05811965838074684
217 0.05763125792145729
220 0.05763125792145729
223 0.057875458151102066
226 0.057387057691812515
229 0.057875458151102066
232 0.05763125792145729
235 0.05763125792145729
238 0.05763125792145729
241 0.05763125792145729
244 0.057875458151102066
247 0.05763125792145729
250 0.057387057691812515
253 0.05763125792145729
256 0.05763125792145729
259 0.057875458151102066
262 0.05763125792145729
265 0.05811965838074684
268 0.057875458151102066
271 0.05763125792145729
274 0.05763125792145729
277 0.05763125792145729
280 0.05763125792145729
283 0.057875458151102066
286 0.05763125792145729
289 0.057875458151102066
292 0.057875458151102066
295 0.057875458151102066
298 0.057875458151102066
301 0.057875458151102066
304 0.058763125792145729
307 0.059763125792145729
310 0.0597875458151102066
313 0.0556763125792145729
316 0.05567387057691812515
319 0.0567387057691812515
322 0.057875458151102066
325 0.057875458151102066
328 0.057875458151102066
331 0.057387057691812515
334 0.057387057691812515
337 0.057875458151102066
340 0.05763125792145729
343 0.057387057691812515
346 0.05763125792145729
349 0.05763125792145729
352 0.05763125792145729
355 0.057387057691812515
358 0.05763125792145729
361 0.05763125792145729
364 0.05763125792145729
367 0.05763125792145729
370 0.05763125792145729
373 0.057387057691812515
376 0.05763125792145729
379 0.057875458151102066
382 0.057875458151102066
385 0.057875458151102066
388 0.057387057691812515
391 0.057387057691812515
394 0.057875458151102066
397 0.057387057691812515
400 0.05763125792145729
403 0.057387057691812515
406 0.057875458151102066
409 0.05763125792145729
412 0.057875458151102066
415 0.057875458151102066
418 0.057875458151102066
421 0.057875458151102066
424 0.05763125792145729
427 0.057875458151102066
430 0.05763125792145729
433 0.057875458151102066
436 0.057875458151102066
439 0.057875458151102066
442 0.05811965838074684
445 0.05811965838074684
448 0.057387057691812515
451 0.057875458151102066
454 0.05763125792145729
457 0.057875458151102066
460 0.05911965838074684
463 0.05911965838074684
466 0.05963125792145729
469 0.05763125792145729
472 0.05763125792145729
475 0.057387057691812515
478 0.05763125792145729
481 0.05763125792145729
484 0.05811965838074684
487 0.057875458151102066
490 0.057875458151102066
493 0.057387057691812515
496 0.057875458151102066
499 0.05763125792145729
502 0.059763125792145729
505 0.058975458151102066
508 0.059963125792145729
511 0.0599875458151102066
514 0.058763125792145729
517 0.05763125792145729
520 0.057875458151102066
523 0.057875458151102066
526 0.05763125792145729
529 0.057875458151102066
532 0.05763125792145729
535 0.057875458151102066
538 0.05763125792145729
541 0.057875458151102066
544 0.057387057691812515
547 0.057875458151102066
550 0.057875458151102066
553 0.057875458151102066
556 0.057875458151102066
559 0.057875458151102066
562 0.057875458151102066
565 0.057875458151102066
568 0.05763125792145729
571 0.05763125792145729
574 0.05763125792145729
577 0.057387057691812515
580 0.05763125792145729
583 0.057875458151102066
586 0.05811965838074684
589 0.05763125792145729
592 0.05763125792145729
595 0.05763125792145729
598 0.05763125792145729
601 0.057875458151102066
604 0.05763125792145729
607 0.057875458151102066
610 0.05763125792145729
613 0.057875458151102066
616 0.057875458151102066
619 0.05763125792145729
622 0.057875458151102066
625 0.057387057691812515
628 0.057387057691812515
631 0.057875458151102066
634 0.05763125792145729
637 0.05763125792145729
640 0.057875458151102066
643 0.057387057691812515
646 0.05763125792145729
649 0.05763125792145729
652 0.05811965838074684
655 0.05763125792145729
658 0.057875458151102066
661 0.05763125792145729
664 0.05763125792145729
667 0.057387057691812515
670 0.057875458151102066
673 0.05763125792145729
676 0.057875458151102066
679 0.05763125792145729
682 0.05763125792145729
685 0.057387057691812515
688 0.05811965838074684
691 0.05811965838074684
694 0.05763125792145729
697 0.057875458151102066
700 0.05763125792145729
703 0.05763125792145729
706 0.05836385861039162
709 0.05811965838074684
712 0.05811965838074684
715 0.057875458151102066
718 0.057875458151102066
721 0.057875458151102066
724 0.057875458151102066
727 0.05763125792145729
730 0.057875458151102066
733 0.05763125792145729
736 0.057387057691812515
739 0.057875458151102066
742 0.05763125792145729
745 0.057387057691812515
748 0.05763125792145729
751 0.057387057691812515
754 0.05763125792145729
757 0.05763125792145729
760 0.05763125792145729
763 0.057387057691812515
766 0.05763125792145729
769 0.05763125792145729
772 0.057875458151102066
775 0.05763125792145729
778 0.05811965838074684
781 0.05763125792145729
784 0.05714285746216774
787 0.05763125792145729
790 0.05763125792145729
793 0.057387057691812515
796 0.05763125792145729
799 0.05763125792145729
802 0.05763125792145729
805 0.057875458151102066
808 0.057387057691812515
811 0.05763125792145729
814 0.057387057691812515
817 0.057387057691812515
820 0.05763125792145729
823 0.057387057691812515
826 0.05763125792145729
829 0.057387057691812515
832 0.05763125792145729
835 0.05763125792145729
838 0.05763125792145729
841 0.05763125792145729
844 0.057387057691812515
847 0.05763125792145729
850 0.058387057691812515
853 0.058763125792145729
856 0.059763125792145729
859 0.05763125792145729
862 0.057875458151102066
865 0.057387057691812515
868 0.05714285746216774
871 0.057387057691812515
874 0.05763125792145729
877 0.057875458151102066
880 0.05763125792145729
883 0.05763125792145729
886 0.05763125792145729
889 0.05763125792145729
892 0.05763125792145729
895 0.057387057691812515
898 0.05763125792145729
901 0.05714285746216774
904 0.057387057691812515
907 0.05763125792145729
910 0.05763125792145729
913 0.05714285746216774
916 0.05763125792145729
919 0.057387057691812515
922 0.05763125792145729
925 0.05714285746216774
928 0.057875458151102066
931 0.05763125792145729
934 0.05763125792145729
937 0.057875458151102066
940 0.057387057691812515
943 0.057875458151102066
946 0.05763125792145729
949 0.057387057691812515
952 0.057387057691812515
955 0.057387057691812515
958 0.057387057691812515
961 0.05763125792145729
964 0.057875458151102066
967 0.057387057691812515
970 0.05763125792145729
973 0.05763125792145729
976 0.05763125792145729
979 0.05763125792145729
982 0.057875458151102066
985 0.05763125792145729
988 0.05763125792145729
991 0.057387057691812515
994 0.05763125792145729
997 0.05763125792145729
1000 0.057387057691812515
1003 0.05763125792145729
1006 0.05763125792145729
1009 0.057387057691812515
1012 0.057875458151102066
1015 0.05763125792145729
1018 0.05763125792145729
1021 0.0557387057691812515
1024 0.055763125792145729
1027 0.057387057691812515
1030 0.057387057691812515
1033 0.057387057691812515
1036 0.057387057691812515
1039 0.05763125792145729
1042 0.05763125792145729
1045 0.057387057691812515
1048 0.05763125792145729
1051 0.057875458151102066
1054 0.057387057691812515
1057 0.057875458151102066
1060 0.057387057691812515
1063 0.05763125792145729
1066 0.05763125792145729
1069 0.057387057691812515
1072 0.057387057691812515
1075 0.05763125792145729
1078 0.05763125792145729
1081 0.057387057691812515
1084 0.05763125792145729
1087 0.05714285746216774
1090 0.05763125792145729
1093 0.057875458151102066
1096 0.05763125792145729
1099 0.05763125792145729
1102 0.05763125792145729
1105 0.05763125792145729
1108 0.05763125792145729
1111 0.05763125792145729
1114 0.057875458151102066
1117 0.05763125792145729
1120 0.05763125792145729
1123 0.05763125792145729
1126 0.05763125792145729
1129 0.05763125792145729
1132 0.057387057691812515
1135 0.057875458151102066
1138 0.05763125792145729
1141 0.057387057691812515
1144 0.057875458151102066
1147 0.05763125792145729
1150 0.057875458151102066
1153 0.057875458151102066
1156 0.05811965838074684
1159 0.05875458151102066
1162 0.059875458151102066
1165 0.057875458151102066
1168 0.05763125792145729
1171 0.05763125792145729
1174 0.05763125792145729
1177 0.05763125792145729
1180 0.05763125792145729
1183 0.05763125792145729
1186 0.057875458151102066
1189 0.05763125792145729
1192 0.05763125792145729
1195 0.057875458151102066
1198 0.057875458151102066
1201 0.05763125792145729
1204 0.057875458151102066
1207 0.05763125792145729
1210 0.057875458151102066
1213 0.05763125792145729
1216 0.05763125792145729
1219 0.057875458151102066
1222 0.05811965838074684
1225 0.057875458151102066
1228 0.057875458151102066
1231 0.057875458151102066
1234 0.057875458151102066
1237 0.057387057691812515
1240 0.05763125792145729
1243 0.05763125792145729
1246 0.05763125792145729
1249 0.057387057691812515
1252 0.05763125792145729
1255 0.05763125792145729
1258 0.05763125792145729
1261 0.057875458151102066
1264 0.057387057691812515
1267 0.05763125792145729
1270 0.057875458151102066
1273 0.05763125792145729
1276 0.05763125792145729
1279 0.057875458151102066
1282 0.05763125792145729
1285 0.057875458151102066
1288 0.057875458151102066
1291 0.05763125792145729
1294 0.05763125792145729
1297 0.05763125792145729
1300 0.05763125792145729
1303 0.057875458151102066
1306 0.057875458151102066
1309 0.057875458151102066
1312 0.05763125792145729
1315 0.057875458151102066
1318 0.057387057691812515
1321 0.05763125792145729
1324 0.057387057691812515
1327 0.057875458151102066
1330 0.057875458151102066
1333 0.057875458151102066
1336 0.05763125792145729
1339 0.057875458151102066
1342 0.057387057691812515
1345 0.057387057691812515
1348 0.05763125792145729
1351 0.05763125792145729
1354 0.057875458151102066
1357 0.05763125792145729
1360 0.05763125792145729
1363 0.057875458151102066
1366 0.05763125792145729
1369 0.057875458151102066
1372 0.057875458151102066
1375 0.057875458151102066
1378 0.05811965838074684
1381 0.05763125792145729
1384 0.05763125792145729
1387 0.05763125792145729
1390 0.05763125792145729
1393 0.057875458151102066
1396 0.05763125792145729
1399 0.05763125792145729
1402 0.057387057691812515
1405 0.057875458151102066
1408 0.05763125792145729
1411 0.056763125792145729
1414 0.0567875458151102066
1417 0.056763125792145729
1420 0.05763125792145729
1423 0.05763125792145729
1426 0.057875458151102066
1429 0.05763125792145729
1432 0.057387057691812515
1435 0.05763125792145729
1438 0.05763125792145729
1441 0.057875458151102066
1444 0.057875458151102066
1447 0.05763125792145729
1450 0.057875458151102066
1453 0.057875458151102066
1456 0.05763125792145729
1459 0.057387057691812515
1462 0.057387057691812515
1465 0.05763125792145729
1468 0.05763125792145729
1471 0.057875458151102066
1474 0.05763125792145729
1477 0.05763125792145729
1480 0.057875458151102066
1483 0.05763125792145729
1486 0.057387057691812515
1489 0.05763125792145729
1492 0.05763125792145729
1495 0.057875458151102066
1498 0.057875458151102066
1501 0.058763125792145729
1504 0.058763125792145729
1507 0.059763125792145729
1510 0.0597387057691812515
1513 0.057875458151102066
1516 0.05763125792145729
1519 0.058763125792145729
1522 0.058763125792145729
1525 0.05787545815110206
1528 0.057963125792145729
1531 0.057763125792145729
1534 0.05763125792145729
1537 0.057875458151102066
1540 0.05763125792145729
1543 0.05811965838074684
1546 0.05763125792145729
1549 0.05763125792145729
1552 0.05763125792145729
1555 0.057875458151102066
1558 0.057875458151102066
1561 0.05763125792145729
1564 0.057875458151102066
1567 0.05763125792145729
1570 0.05763125792145729
1573 0.05763125792145729
1576 0.05763125792145729
1579 0.05763125792145729
1582 0.05763125792145729
1585 0.05714285746216774
1588 0.057875458151102066
1591 0.05763125792145729
1594 0.057875458151102066
1597 0.057875458151102066
1600 0.057875458151102066
1603 0.057875458151102066
1606 0.05763125792145729
1609 0.05763125792145729
1612 0.057387057691812515
1615 0.05763125792145729
1618 0.05763125792145729
1621 0.057387057691812515
1624 0.05763125792145729
1627 0.057875458151102066
1630 0.057875458151102066
1633 0.05763125792145729
1636 0.05763125792145729
1639 0.05763125792145729
1642 0.057875458151102066
1645 0.05763125792145729
1648 0.057875458151102066
1651 0.05763125792145729
1654 0.05763125792145729
1657 0.057875458151102066
1660 0.05763125792145729
1663 0.057875458151102066
1666 0.05763125792145729
1669 0.05714285746216774
1672 0.05763125792145729
1675 0.05763125792145729
1678 0.057387057691812515
1681 0.057875458151102066
1684 0.057387057691812515
1687 0.05763125792145729
1690 0.05763125792145729
1693 0.057387057691812515
1696 0.05763125792145729
1699 0.05714285746216774
1702 0.05763125792145729
1705 0.057387057691812515
1708 0.057387057691812515
1711 0.057875458151102066
1714 0.05763125792145729
1717 0.057387057691812515
1720 0.05763125792145729
1723 0.05763125792145729
1726 0.057387057691812515
1729 0.057387057691812515
1732 0.05763125792145729
1735 0.057387057691812515
1738 0.05763125792145729
1741 0.058763125792145729
1744 0.059763125792145729
1747 0.0597875458151102066
1750 0.05811965838074684
1753 0.05763125792145729
1756 0.05763125792145729
1759 0.057387057691812515
1762 0.05763125792145729
1765 0.05811965838074684
1768 0.057875458151102066
1771 0.05763125792145729
1774 0.05763125792145729
1777 0.05763125792145729
1780 0.057387057691812515
1783 0.057875458151102066
1786 0.057387057691812515
1789 0.05763125792145729
1792 0.05763125792145729
1795 0.057875458151102066
1798 0.05763125792145729
1801 0.05811965838074684
1804 0.05763125792145729
1807 0.05763125792145729
1810 0.05763125792145729
1813 0.05763125792145729
1816 0.05763125792145729
1819 0.05763125792145729
1822 0.05763125792145729
1825 0.057387057691812515
1828 0.05763125792145729
1831 0.05763125792145729
1834 0.05714285746216774
1837 0.057875458151102066
1840 0.057387057691812515
1843 0.05763125792145729
1846 0.05763125792145729
1849 0.057875458151102066
1852 0.057387057691812515
1855 0.057875458151102066
1858 0.057387057691812515
1861 0.05763125792145729
1864 0.05763125792145729
1867 0.057387057691812515
1870 0.057387057691812515
1873 0.05763125792145729
1876 0.05763125792145729
1879 0.05763125792145729
1882 0.05714285746216774
1885 0.05763125792145729
1888 0.057875458151102066
1891 0.057875458151102066
1894 0.057875458151102066
1897 0.057875458151102066
1900 0.05763125792145729
1903 0.05763125792145729
1906 0.057875458151102066
1909 0.05811965838074684
1912 0.057875458151102066
1915 0.057875458151102066
1918 0.057875458151102066
1921 0.05763125792145729
1924 0.05763125792145729
1927 0.05763125792145729
1930 0.05763125792145729
1933 0.05763125792145729
1936 0.05763125792145729
1939 0.05763125792145729
1942 0.057875458151102066
1945 0.05763125792145729
1948 0.05763125792145729
1951 0.057875458151102066
1954 0.05763125792145729
1957 0.057875458151102066
1960 0.057875458151102066
1963 0.057875458151102066
1966 0.057875458151102066
1969 0.05763125792145729
1972 0.05763125792145729
1975 0.057875458151102066
1978 0.05763125792145729
1981 0.05763125792145729
1984 0.057387057691812515
1987 0.057387057691812515
1990 0.05763125792145729
1993 0.05714285746216774
1996 0.05763125792145729
1999 0.05763125792145729
2002 0.057387057691812515
2005 0.05763125792145729
2008 0.057387057691812515
2011 0.057875458151102066
2014 0.057875458151102066
2017 0.055763125792145729
2020 0.0557387057691812515
2023 0.05763125792145729
2026 0.05763125792145729
2029 0.05763125792145729
2032 0.05763125792145729
2035 0.05763125792145729
2038 0.057875458151102066
2041 0.057875458151102066
2044 0.057387057691812515
2047 0.05763125792145729
2050 0.05763125792145729
2053 0.05763125792145729
2056 0.057875458151102066
2059 0.05763125792145729
2062 0.05763125792145729
2065 0.057875458151102066
2068 0.057387057691812515
2071 0.057387057691812515
2074 0.057875458151102066
2077 0.05763125792145729
2080 0.05763125792145729
2083 0.057387057691812515
2086 0.05763125792145729
2089 0.05763125792145729
2092 0.05763125792145729
2095 0.05763125792145729
2098 0.057875458151102066
2101 0.057387057691812515
2104 0.05763125792145729
2107 0.05763125792145729
2110 0.05763125792145729
2113 0.05763125792145729
2116 0.057875458151102066
2119 0.057875458151102066
2122 0.057875458151102066
2125 0.057875458151102066
2128 0.057387057691812515
2131 0.057875458151102066
2134 0.05763125792145729
2137 0.05763125792145729
2140 0.05763125792145729
2143 0.057387057691812515
2146 0.057875458151102066
2149 0.05763125792145729
2152 0.057387057691812515
2155 0.05763125792145729
2158 0.05763125792145729
2161 0.05763125792145729
2164 0.05763125792145729
2167 0.05763125792145729
2170 0.05811965838074684
2173 0.05763125792145729
2176 0.057387057691812515
2179 0.05763125792145729
2182 0.05763125792145729
2185 0.057875458151102066
2188 0.057875458151102066
2191 0.057875458151102066
2194 0.05763125792145729
2197 0.05763125792145729
2200 0.05811965838074684
2203 0.057875458151102066
2206 0.057875458151102066
2209 0.057875458151102066
2212 0.057387057691812515
2215 0.057387057691812515
2218 0.057387057691812515
2221 0.05763125792145729
2224 0.05763125792145729
2227 0.05763125792145729
2230 0.057387057691812515
2233 0.05763125792145729
2236 0.057387057691812515
2239 0.05763125792145729
2242 0.05763125792145729
2245 0.05714285746216774
2248 0.057387057691812515
2251 0.057387057691812515
2254 0.05714285746216774
2257 0.05714285746216774
2260 0.057387057691812515
2263 0.057387057691812515
2266 0.05714285746216774
2269 0.05714285746216774
2272 0.05714285746216774
2275 0.05714285746216774
2278 0.05665445700287819
2281 0.05714285746216774
2284 0.05665445700287819
2287 0.057387057691812515
2290 0.057387057691812515
2293 0.05714285746216774
2296 0.056898657232522964
2299 0.05714285746216774
2302 0.056898657232522964
2305 0.056898657232522964
2308 0.056898657232522964
2311 0.05714285746216774
2314 0.05714285746216774
2317 0.05714285746216774
2320 0.05714285746216774
2323 0.056898657232522964
2326 0.05714285746216774
2329 0.056898657232522964
2332 0.05714285746216774
2335 0.05763125792145729
2338 0.05714285746216774
2341 0.057387057691812515
2344 0.056898657232522964
2347 0.056898657232522964
2350 0.05714285746216774
2353 0.0576898657232522964
2356 0.056898657232522964
2359 0.0576898657232522964
2362 0.056898657232522964
2365 0.0576898657232522964
2368 0.05665445700287819
2371 0.057665445700287819
2374 0.05665445700287819
2377 0.05665445700287819
2380 0.056898657232522964
2383 0.05665445700287819
2386 0.056898657232522964
2389 0.056898657232522964
2392 0.056898657232522964
2395 0.056898657232522964
2398 0.05665445700287819
2401 0.057665445700287819
2404 0.05714285746216774
2407 0.05665445700287819
2410 0.05714285746216774
2413 0.056898657232522964
2416 0.05665445700287819
2419 0.056898657232522964
2422 0.056898657232522964
2425 0.056410256773233414
2428 0.05665445700287819
2431 0.05714285746216774
2434 0.056898657232522964
2437 0.056898657232522964
2440 0.05665445700287819
2443 0.056898657232522964
2446 0.056898657232522964
2449 0.056898657232522964
2452 0.05665445700287819
2455 0.05714285746216774
2458 0.05714285746216774
2461 0.056898657232522964
2464 0.056898657232522964
2467 0.05665445700287819
2470 0.05714285746216774
2473 0.056898657232522964
2476 0.056898657232522964
2479 0.056898657232522964
2482 0.059714285746216774
2485 0.059665445700287819
2488 0.057387057691812515
2491 0.05714285746216774
2494 0.056898657232522964
2497 0.057387057691812515
2500 0.05714285746216774
2503 0.05714285746216774
2506 0.05714285746216774
2509 0.05714285746216774
