6.0 24.3
24.0 24.5
42.0 24.6
60.0 24.7
78.0 24.8
96.0 24.8
114.0 24.9
132.0 25.0
150.0 25.1
168.0 25.1
186.0 25.2
204.0 25.2
222.0 25.2
240.0 25.3
258.0 25.4
276.0 25.4
294.0 25.4
312.0 25.4
330.0 25.5
348.0 25.5
366.0 25.6
384.0 25.6
402.0 25.6
420.0 25.6
438.0 25.6
456.0 25.7
474.0 25.7
492.0 25.8
510.0 25.8
528.0 25.8
546.0 25.8
564.0 25.8
582.0 25.9
600.0 25.9
618.0 25.9
636.0 25.9
654.0 25.9
672.0 25.9
690.0 26.0
708.0 26.0
726.0 26.0
744.0 26.0
762.0 26.0
780.0 26.1
798.0 26.1
816.0 26.1
834.0 26.1
852.0 26.1
870.0 26.1
888.0 26.1
906.0 26.2
924.0 26.2
942.0 26.2
960.0 26.2
978.0 26.2
996.0 26.2
1014.0 26.2
1032.0 26.2
1050.0 26.2
1068.0 26.2
1086.0 26.2
1104.0 26.2
1122.0 26.2
1140.0 26.2
1158.0 26.2
1176.0 26.2
1194.0 26.3
1212.0 26.3
1230.0 26.3
1248.0 26.4
1266.0 26.4
1284.0 26.4
1302.0 26.4
1320.0 26.4
1338.0 26.4
1356.0 26.4
1374.0 26.4
1392.0 26.4
1410.0 26.4
1428.0 26.4
1446.0 26.5
1464.0 26.5
1482.0 26.5
1500.0 26.4
1518.0 26.5
1536.0 26.6
1554.0 26.5
1572.0 26.5
1590.0 26.5
1608.0 26.6
1626.0 26.6
1644.0 26.6
1662.0 26.6
1680.0 26.6
1698.0 26.6
1716.0 26.6
1734.0 26.6
1752.0 26.6
1770.0 26.6
1788.0 26.6
1806.0 26.6
1824.0 26.6
1842.0 26.6
1860.0 26.6
1878.0 26.6
1896.0 26.6
1914.0 26.6
1932.0 26.6
1950.0 26.7
1986.0 23.3
2004.0 23.4
2022.0 23.4
2040.0 23.4
2058.0 23.5
2076.0 23.6
2094.0 23.6
2112.0 23.6
2130.0 23.6
2148.0 23.7
2166.0 23.7
2184.0 23.7
2202.0 23.8
2220.0 23.8
2238.0 23.8
2256.0 23.8
2274.0 23.9
2292.0 23.8
2310.0 23.9
2328.0 23.9
2346.0 23.9
2364.0 23.9
2382.0 24.0
2400.0 24.0
2418.0 24.0
2436.0 24.1
2454.0 24.1
2472.0 24.1
2490.0 24.1
2508.0 24.1
2526.0 24.1
2544.0 24.1
2562.0 24.2
2580.0 24.2
2598.0 24.2