1 23.75
2 23.75
3 23.75
4 23.75
5 23.812
6 23.75
7 23.75
8 23.812
9 22.937
10 22.937
11 22.937
12 23.0
13 24.687
14 25.437
15 25.875
16 26.125
17 26.125
18 26.312
19 26.312
20 26.312
21 26.125
22 25.5
23 22.937
24 22.937
25 22.937
26 22.937
27 23.0
28 23.0
29 23.0
30 23.0
31 22.937
32 23.0
33 23.0
34 23.0
35 23.0
36 23.0
37 23.0
38 22.937
39 22.937
40 23.0
41 23.0
42 22.937
43 23.0
44 23.0
45 23.0
46 23.0
47 23.0
48 23.0
49 23.0
50 23.0
51 23.0
52 23.0
53 23.0
54 23.0
55 23.0
56 23.0
57 23.0
58 23.0
59 23.062
60 23.0
61 23.0
62 23.0
63 23.0
64 23.0
65 23.0
66 23.0
67 23.0
68 23.0
69 22.937
70 22.937
71 22.937
72 23.0
73 23.0
74 23.0
75 23.0
76 23.0
77 23.0
78 23.0
79 23.0
80 22.937
81 22.937
82 22.937
83 22.875
84 22.937
85 22.937
86 22.937
87 22.937
88 22.937
89 22.937
90 22.875
91 22.937
92 22.875
93 22.875
94 22.937
95 22.937
96 22.875
97 22.875
98 22.937
99 22.937
100 22.937
101 22.875
102 22.875
103 22.875
104 22.875
105 22.937
106 22.937
107 22.937
108 22.937
109 22.937
110 22.937
111 22.937
112 22.937
113 22.937
114 22.937
115 22.937
116 22.937
117 22.937
118 22.875
119 22.937
120 22.937
121 22.937
122 22.937
123 22.937
124 22.937
125 22.937
126 22.937
127 22.937
128 22.937
129 22.937
130 22.937
131 22.937
132 22.937
133 22.937
134 22.937
135 22.937
136 22.875
137 22.937
138 22.937
139 22.937
140 22.937
141 22.937
142 22.937
143 22.875
144 22.937
145 22.937
146 22.937
147 22.937
148 22.937
149 22.875
150 22.875
151 22.875
152 22.875
153 22.937
154 22.875
155 22.875
156 22.875
157 22.875
158 22.875
159 22.812
160 22.812
161 22.875
162 22.875
163 22.875
164 22.875
165 22.875
166 22.875
167 22.875
168 22.875
169 22.875
170 22.875
171 22.875
172 22.875
173 22.875
174 22.875
175 22.875
176 22.812
177 22.812
178 22.875
179 22.812
180 22.875
181 22.812
182 22.875
183 22.812
184 22.875
185 22.875
186 22.812
187 22.812
188 22.75
189 22.812
190 22.812
191 22.812
192 22.812
193 22.812
194 22.812
195 22.875
196 22.812
197 22.812
198 22.812
199 22.812
200 22.812
201 22.812
202 22.812
203 22.812
204 22.812
205 22.812
206 22.812
207 22.875
208 22.812
209 22.875
210 22.812
211 22.812
212 22.812
213 22.875
214 22.812
215 22.812
216 22.812
217 22.875
218 22.812
219 22.812
220 22.812
221 22.875
222 22.875
223 22.875
224 22.812
225 22.812
226 22.812
227 22.812
228 22.875
229 22.875
230 22.875
231 22.875
232 22.875
233 22.875
234 22.875
235 22.875
236 22.875
237 22.812
238 22.812
239 22.812
240 22.812
241 22.875
242 22.875
243 22.812
244 22.875
245 22.875
246 22.812
247 22.812
248 22.812
249 22.812
250 22.875
251 22.812
252 22.812
253 22.812
254 22.812
255 22.875
256 22.812
257 22.812
258 22.812
259 22.812
260 22.75
261 22.812
266 22.812
267 22.812
268 22.875
269 22.812
270 22.812
271 22.875
272 22.812
273 22.812
274 22.812
275 22.812
276 22.75
277 22.812
278 22.75
279 22.812
280 22.75
281 22.812
282 22.812
283 22.875
284 22.875
285 22.875
286 22.875
287 22.875
288 22.812
289 22.812
290 22.812
291 22.75
292 22.75
293 22.75
294 22.812
295 22.812
296 22.812
297 22.875
298 22.812
299 22.812
300 22.812
301 22.812
302 22.812
303 22.812
304 22.812
305 22.75
306 22.812
307 22.812
308 22.812
309 22.812
310 22.75
311 22.812
312 22.812
313 22.75
314 22.75
315 22.75
316 22.75
317 22.687
318 22.687
319 22.687
320 22.687
321 22.687
322 22.687
323 22.687
324 22.75
325 22.687
326 22.75
327 22.687
328 22.687
329 22.687
330 22.75
331 22.75
332 22.75
333 22.75
334 22.75
335 22.687
336 22.75
337 22.75
338 22.75
339 22.75
340 22.75
341 22.75
342 22.75
343 22.687
344 22.687
345 22.75
346 22.75
347 22.75
348 22.75
349 22.687
350 22.687
351 22.687
352 22.687
353 22.75
354 22.75
355 22.75
356 22.75
357 22.75
358 22.75
359 22.812
360 22.75
361 22.75
362 22.75
363 22.75
364 22.75
365 22.75
366 22.75
367 22.75
368 22.75
369 22.75
370 22.75
371 22.75
372 22.75
373 22.75
374 22.75
375 22.75
376 22.75
377 22.75
378 22.75
379 22.75
380 22.75
381 22.75
382 22.75
383 22.75
384 22.75
385 22.75
386 22.75
387 22.75
388 22.75
389 22.75
390 22.75
391 22.687
392 22.75
393 22.75
394 22.75
395 22.75
396 22.75
397 22.75
398 22.75
399 22.75
400 22.75
401 22.75
402 22.75
403 22.75
404 22.75
405 22.75
406 22.75
407 22.75
408 22.75
409 22.687
410 22.687
411 22.687
412 22.687
413 22.687
414 22.687
415 22.687
416 22.687
417 22.75
418 22.75
419 22.75
420 22.75
421 22.75
422 22.687
423 22.687
424 22.687
425 22.75
426 22.75
427 22.687
428 22.687
429 22.75
430 22.75
431 22.75
432 22.687
433 22.75
434 22.75
435 22.75
436 22.75
437 22.75
438 22.75
439 22.687
440 22.75
441 22.75
442 22.687
443 22.687
444 22.687
445 22.75
446 22.75
447 22.75
448 22.75
449 22.687
450 22.687
451 22.75
452 22.75
453 22.687
454 22.687
455 22.75
456 22.687
457 22.687
458 22.687
459 22.687
460 22.687
461 22.75
462 22.75
463 22.75
464 22.687
465 22.75
466 22.687
467 22.75
468 22.75
469 22.75
470 22.75
471 22.687
472 22.75
473 22.75
474 22.75
475 22.75
476 22.75
477 22.75
478 22.75
479 22.75
480 22.75
481 22.75
482 22.75
483 22.687
484 22.687
485 22.687
486 22.687
487 22.687
488 22.687
489 22.625
490 22.625
491 22.625
492 22.687
493 22.687
494 22.687
495 22.625
496 22.687
497 22.625
498 22.625
499 22.687
500 22.687
501 22.687
502 22.687
503 22.687
504 22.687
505 22.687
506 22.625
507 22.625
508 22.687
509 22.687
510 22.687
511 22.687
512 22.687
513 22.687
514 22.687
515 22.687
516 22.75
517 22.687
518 22.687
519 22.687
520 22.687
521 22.75
522 22.687
523 22.687
524 22.75
525 22.687
526 22.687
527 22.687
528 22.687
529 22.687
530 22.687
531 22.687
532 22.687
533 22.687
534 22.687
535 22.687
536 22.687
537 22.687
538 22.687
539 22.687
540 22.687
541 22.687
542 22.687
543 22.687
544 22.75
545 22.75
546 22.75
547 22.75
548 22.75
549 22.75
550 22.75
551 22.75
552 22.75
553 22.812
554 22.812
555 22.75
556 22.75
557 22.687
558 22.687
559 22.687
560 22.687
561 22.687
562 22.687
563 22.625
564 22.625
565 22.687
566 22.687
567 22.687
568 22.687
569 22.687
570 22.687
571 22.687
572 22.687
573 22.687
574 22.687
575 22.687
576 22.687
577 22.687
578 22.687
579 22.687
580 22.687
581 22.75
582 22.687
583 22.687
584 22.687
585 22.687
586 22.687
587 22.687
588 22.75
589 22.687
590 22.687
591 22.687
592 22.687
593 22.687
594 22.687
595 22.687
596 22.687
597 22.75
598 22.687
599 22.687
600 22.687
601 22.687
602 22.687
603 22.687
604 22.687
605 22.687
606 22.687
607 22.687
608 22.687
609 22.75
610 22.687
611 22.75
612 22.687
613 22.687
614 22.687
615 22.687
616 22.687
617 22.687
618 22.687
619 22.687
620 22.687
621 22.687
622 22.687
623 22.687
624 22.687
625 22.687
626 22.687
627 22.687
628 22.687
629 22.687
630 22.687
631 22.687
632 22.687
633 22.625
634 22.687
635 22.625
636 22.625
637 22.625
638 22.625
639 22.625
640 22.625
641 22.625
642 22.625
643 22.625
644 22.687
645 22.625
646 22.625
647 22.625
648 22.625
649 22.625
650 22.687
651 22.625
652 22.687
653 22.625
654 22.625
655 22.625
656 22.625
657 22.625
658 22.625
659 22.625
660 22.625
661 22.625
662 22.625
663 22.625
664 22.625
665 22.625
666 22.625
667 22.562
668 22.562
669 22.625
670 22.625
671 22.625
672 22.625
673 22.562
674 22.625
675 22.562
676 22.562
677 22.562
678 22.562
679 22.625
680 22.562
681 22.625
682 22.562
683 22.562
684 22.562
685 22.562
686 22.562
687 22.562
688 22.562
689 22.562
690 22.562
691 22.562
692 22.562
693 22.562
694 22.562
695 22.5
696 22.562
697 22.562
698 22.562
699 22.562
700 22.562
701 22.562
702 22.562
703 22.562
704 22.562
705 22.5
706 22.562
707 22.5
708 22.5
709 22.5
710 22.562
711 22.5
712 22.562
713 22.5
714 22.5
715 22.5
716 22.5
717 22.437
718 22.437
719 22.437
720 22.437
721 22.437
722 22.437
723 22.5
724 22.5
725 22.437
726 22.437
727 22.437
728 22.437
729 22.437
730 22.5
731 22.5
732 22.5
733 22.5
734 22.5
735 22.5
736 22.5
737 22.5
738 22.5
739 22.5
740 22.562
741 22.562
742 22.5
743 22.5
744 22.5
745 22.5
746 22.562
747 22.5
748 22.5
749 22.562
750 22.5
751 22.562
752 22.5
753 22.5
754 22.5
755 22.5
756 22.5
757 22.5
758 22.437
759 22.437
760 22.5
761 22.5
762 22.5
763 22.5
764 22.437
765 22.437
766 22.437
767 22.437
768 22.437
769 22.437
770 22.437
771 22.5
772 22.5
773 22.5
774 22.5
775 22.5
776 22.5
777 22.5
778 22.5
779 22.5
780 22.5
781 22.5
782 22.5
783 22.5
784 22.5
785 22.5
786 22.5
787 22.5
788 22.5
789 22.5
790 22.5
791 22.5
792 22.5
793 22.5
794 22.5
795 22.5
796 22.5
797 22.5
798 22.5
799 22.5
800 22.5
801 22.5
802 22.5
803 22.5
804 22.5
805 22.5
806 22.437
807 22.5
808 22.5
809 22.437
810 22.5
811 22.5
812 22.437
813 22.437
814 22.437
815 22.5
816 22.437
817 22.437
818 22.437
819 22.437
820 22.437
821 22.437
822 22.437
823 22.437
824 22.437
825 22.437
826 22.437
827 22.437
828 22.437
829 22.437
830 22.437
831 22.437
832 22.437
833 22.437
834 22.437
835 22.375
836 22.375
837 22.375
838 22.375
839 22.375
840 22.437
841 22.437
842 22.437
843 22.437
844 22.437
845 22.437
846 22.437
847 22.437
848 22.437
849 22.437
850 22.437
851 22.437
852 22.437
853 22.375
854 22.437
855 22.437
856 22.437
857 22.437
858 22.437
859 22.437
860 22.437
861 22.437
862 22.437
863 22.5
864 22.437
865 22.437
866 22.437
867 22.437
868 22.437
869 22.437
870 22.437
871 22.437
872 22.437
873 22.437
874 22.437
875 22.437
876 22.437
877 22.437
878 22.437
879 22.375
880 22.437
881 22.375
882 22.437
883 22.437
884 22.437
885 22.437
886 22.437
887 22.437
888 22.437
889 22.437
890 22.437
891 22.437
892 22.437
893 22.437
894 22.437
895 22.375
896 22.375
897 22.437
898 22.437
899 22.437
900 22.437
901 22.375
902 22.375
903 22.375
904 22.437
905 22.375
906 22.437
907 22.375
908 22.375
909 22.375
910 22.437
911 22.375
912 22.375
913 22.375
914 22.375
915 22.375
916 22.375
917 22.437
918 22.437
919 22.375
920 22.375
921 22.437
922 22.437
923 22.437
924 22.437
925 22.437
926 22.437
927 22.437
928 22.437
929 22.437
930 22.437
931 22.437
932 22.375
933 22.437
934 22.375
935 22.437
936 22.375
937 22.437
938 22.437
939 22.437
940 22.437
941 22.437
942 22.437
943 22.437
944 22.437
945 22.437
946 22.687
947 23.187
948 23.375
949 23.5
950 23.562
951 23.625
952 23.625
953 23.625
954 23.625
955 23.687
956 23.687
957 23.687
958 23.687
959 23.687
960 23.625
961 23.687
962 23.625
963 23.687
964 23.625
965 23.625
966 23.625
967 23.625
968 23.625
969 23.562
970 23.375
971 23.25
972 23.187
973 23.125
974 23.562
975 23.75
976 23.687
977 23.5
978 23.375
979 23.687
980 24.75
981 24.875
982 24.875
983 24.25
984 24.0
985 23.75
986 23.625
987 23.437
988 23.375
989 23.312
990 23.25
991 23.125
992 23.125
993 23.062
994 23.0
995 23.0
996 23.0
997 22.937
998 22.812
999 22.75
1000 22.687
1001 22.687
1002 22.687
1003 22.687
1004 22.687
1005 22.687
1006 22.687
1007 22.687
1008 22.687
1009 22.625
1009 22.437
1010 22.437
1011 22.437
1012 22.437
1013 22.437
1014 22.437
1015 22.437
1016 22.437
1017 22.375
1018 22.375
1019 22.375
1020 22.375
1021 22.375
1022 22.375
1023 22.312
1024 22.312
1025 22.312
1026 22.312
1027 22.375
1028 22.312
1029 22.312
1030 22.312
1031 22.375
1032 22.312
1033 22.312
1034 22.312
1035 22.312
1036 22.375
1037 22.312
1038 22.312
1039 22.312
1040 22.312
1041 22.312
1042 22.312
1043 22.312
1044 22.312
1045 22.312
1046 22.312
1047 22.312
1048 22.312
1049 22.312
1050 22.312
1051 22.312
1052 22.312
1053 22.25
1054 22.312
1055 22.312
1056 22.312
1057 22.312
1058 22.312
1059 22.25
1060 22.312
1061 22.25
1062 22.187
1063 22.25
1064 22.25
1065 22.25
1066 22.25
1067 22.25
1068 22.25
1069 22.25
1070 22.25
1071 22.25
1072 22.25
1073 22.25
1074 22.25
1075 22.25
1076 22.25
1077 22.25
1078 22.25
1079 22.25
1080 22.25
1081 22.25
1082 22.25
1083 22.25
1084 22.25
1085 22.25
1086 22.25
1087 22.25
1088 22.25
1089 22.25
1090 22.187
1091 22.25
1092 22.25
1093 22.187
1094 22.25
1095 22.187
1096 22.187
1097 22.187
1098 22.187
1099 22.187
1100 22.187
1101 22.187
1102 22.187
1103 22.187
1104 22.187
1105 22.187
1106 22.187
1107 22.187
1108 22.125
1109 22.125
1110 22.125
1111 22.125
1112 22.125
1113 22.125
1114 22.125
1115 22.125
1116 22.187
1117 22.125
1118 22.125
1119 22.125
1120 22.125
1121 22.125
1122 22.125
1123 22.125
1124 22.125
1125 22.125
1126 22.125
1127 22.125
1128 22.125
1129 22.062
1130 22.125
1131 22.125
1132 22.125
1133 22.125
1134 22.062
1135 22.125
1136 22.125
1137 22.125
1138 22.062
1139 22.062
1140 22.125
1141 22.125
1142 22.062
1143 22.125
1144 22.062
1145 22.062
1146 22.062
1147 22.062
1148 22.062
1149 22.062
1150 22.062
1151 22.062
1152 22.062
1153 22.062
1154 22.062
1155 22.125
1156 22.062
1157 22.062
1158 22.062
1159 22.062
1160 22.0
1161 22.062
1162 22.062
1163 22.062
1164 22.062
1165 22.062
1166 22.062
1167 22.062
1168 22.062
1169 22.062
1170 22.062
1171 22.062
1172 22.062
1173 22.062
1174 22.062
1175 22.062
1176 22.062
1177 22.062
1178 22.062
1179 22.062
1180 22.062
1181 22.062
1182 22.062
1183 22.062
1184 22.062
1185 22.062
1186 22.062
1187 22.062
1188 22.062
1189 22.062
1190 22.062
1191 22.062
1192 22.062
1193 22.062
1194 22.062
1195 22.062
1196 22.062
1197 22.062
1198 22.0
1199 22.062
1200 22.0
1201 22.0
1202 22.0
1203 22.062
1204 22.0
1205 22.062
1206 22.062
1207 22.062
1208 22.0
1209 22.0
1210 22.0
1211 22.0
1212 22.0
1213 22.0
1214 22.0
1215 22.0
1216 22.0
1217 22.0
1218 22.0
1219 22.0
1220 22.0
1221 22.0
1222 22.0
1223 21.937
1224 22.0
1225 22.0
1226 22.0
1227 22.0
1228 22.0
1229 22.0
1230 21.937
1231 22.0
1232 21.937
1233 22.0
1234 22.0
1235 21.937
1236 21.937
1237 22.0
1238 22.0
1239 21.937
1240 21.937
1241 21.937
1242 21.937
1243 21.937
1244 21.937
1245 21.937
1246 22.0
1247 22.0
1248 21.937
1249 22.0
1250 21.937
1251 21.937
1252 21.937
1253 21.937
1254 21.937
1255 21.937
1256 21.937
1257 21.937
1258 21.937
1259 21.937
1260 21.937
1261 21.937
1262 21.937
1263 21.937
1264 21.937
1265 21.937
1266 21.937
1267 21.937
1268 21.937
1269 21.937
1270 21.937
1271 21.937
1272 21.937
1273 21.937
1274 21.937
1275 21.937
1276 21.937
1277 21.937
1278 21.875
1279 21.875
1280 21.875
1281 21.875
1282 21.875
1283 21.875
1284 21.875
1285 21.875
1286 21.937
1287 21.937
1288 21.875
1289 21.875
1290 21.875
1291 21.875
1292 21.875
1293 21.875
1294 21.875
1295 21.875
1296 21.875
1297 21.875
1298 21.875
1299 21.875
1300 21.875
1301 21.875
1302 21.875
1303 21.875
1304 21.875
1305 21.812
1306 21.812
1307 21.875
1308 21.875
1309 21.875
1310 21.875
1311 21.875
1312 21.875
1313 21.875
1314 21.875
1315 21.875
1316 21.812
1317 21.812
1318 21.875
1319 21.875
1320 21.875
1321 21.875
1322 21.812
1323 21.875
1324 21.875
1325 21.812
1326 21.812
1327 21.875
1328 21.875
1329 21.875
1330 21.812
1331 21.875
1332 21.875
1333 21.875
1334 21.875
1335 21.875
1336 21.875
1337 21.812
1338 21.875
1339 21.875
1340 21.812
1341 21.875
1342 21.875
1343 21.875
1344 21.875
1345 21.875
1346 21.812
1347 21.812
1348 21.875
1349 21.812
1350 21.812
1351 21.812
1352 21.875
1353 21.875
1354 21.875
1355 21.812
1356 21.875
1357 21.875
1358 21.875
1359 21.875
1360 21.875
1361 21.875
1362 21.875
1363 21.875
1364 21.812
1365 21.875
1366 21.875
1367 21.875
1368 21.875
1369 21.875
1370 21.812
1371 21.875
1372 21.812
1373 21.812
1374 21.812
1375 21.812
1376 21.812
1377 21.812
1378 21.875
1379 21.875
1380 21.812
1381 21.875
1382 21.875
1383 21.812
1384 21.812
1385 21.812
1386 21.812
1387 21.812
1388 21.812
1389 21.812
1390 21.812
1391 21.812
1392 21.75
1393 21.812
1394 21.812
1395 21.812
1396 21.812
1397 21.75
1398 21.75
1399 21.75
1400 21.75
1401 21.75
1402 21.75
1403 21.75
1404 21.812
1405 21.812
1406 21.812
1407 21.812
1408 21.812
1409 21.812
1410 21.812
1411 21.812
1412 21.812
1413 21.812
1414 21.812
1415 21.812
1416 21.75
1417 21.812
1418 21.75
1419 21.812
1420 21.812
1421 21.812
1422 21.812
1423 21.75
1424 21.812
1425 21.75
1426 21.75
1427 21.75
1428 21.812
1429 21.75
1430 21.75
1431 21.812
1432 21.75
1433 21.75
1434 21.75
1435 21.75
1436 21.75
1437 21.75
1438 21.75
1439 21.75
1440 21.687
1441 21.75
1442 21.687
1443 21.75
1444 21.75
1445 21.75
1446 21.75
1447 21.75
1448 21.687
1449 21.75
1450 21.687
1451 21.75
1452 21.75
1453 21.75
1454 21.687
1455 21.75
1456 21.75
1457 21.75
1458 21.75
1459 21.75
1460 21.75
1461 21.75
1462 21.75
1463 21.75
1464 21.75
1465 21.75
1466 21.75
1467 21.75
1468 21.75
1469 21.75
1470 21.75
1471 21.75
1472 21.75
1473 21.75
1474 21.75
1475 21.75
1476 21.75
1477 21.75
1478 21.75
1479 21.75
1480 21.75
1481 21.812
1482 21.75
1483 21.75
1484 21.75
1485 21.75
1486 21.75
1487 21.75
1488 21.75
1489 21.75
1490 21.75
1491 21.75
1492 21.75
1493 21.75
1494 21.75
1495 21.75
1496 21.75
1497 21.75
1498 21.75
1499 21.75
1500 21.75
1501 21.75
1502 21.75
1503 21.75
1504 21.75
1505 21.75
1506 21.75
1507 21.75
1508 21.75
1509 21.75
1510 21.75
1511 21.75
1512 21.75
1513 21.75
1514 21.75
1515 21.75
1516 21.687
1517 21.687
1518 21.687
1519 21.75
1520 21.75
1521 21.75
1522 21.75
1523 21.75
1524 21.687
1525 21.75
1526 21.687
1527 21.687
1528 21.687
1529 21.75
1530 21.75
1531 21.687
1532 21.687
1533 21.687
1534 21.687
1535 21.75
1536 21.687
1537 21.75
1538 21.75
1539 21.75
1540 21.75
1541 21.75
1542 21.75
1543 21.75
1544 21.75
1545 21.75
1546 21.75
1547 21.75
1548 21.75
1549 21.75
1550 21.75
1551 21.75
1552 21.75
1553 21.75
1554 21.75
1555 21.75
1556 21.75
1557 21.75
1558 21.75
1559 21.75
1560 21.75
1561 21.75
1562 21.75
1563 21.75
1564 21.75
1565 21.75
1566 21.75
1567 21.687
1568 21.687
1569 21.687
1570 21.75
1571 21.75
1572 21.75
1573 21.687
1574 21.687
1575 21.687
1576 21.687
1577 21.687
1578 21.687
1579 21.687
1580 21.687
1581 21.687
1582 21.687
1583 21.687
1584 21.687
1585 21.687
1586 21.687
1587 21.687
1588 21.687
1589 21.687
1590 21.625
1591 21.625
1592 21.625
1593 21.625
1594 21.625
1595 21.625
1596 21.687
1597 21.687
1598 21.687
1599 21.687
1600 21.687
1601 21.687
1602 21.687
1603 21.687
1604 21.687
1605 21.687
1606 20.687
1607 20.687
1608 20.687
1609 20.937
1610 22.062
1611 22.5
1612 22.75
1613 22.937
1614 23.062
1615 23.125
1616 23.125
1617 23.187
1618 23.25
1619 23.25
1620 23.25
1621 23.062
1622 22.75
1623 22.437
1624 22.25
1625 22.062
1626 21.875
1627 21.75
1628 21.625
1629 22.75
1630 22.0
1631 21.812
1632 21.687
1633 21.625
1634 21.562
1635 21.562
1636 21.687
1637 21.687
1638 21.687
1639 21.687
1640 21.687
1641 21.687
1642 21.625
1643 21.562
1644 21.937
1645 22.875
1646 23.0
1647 23.0
1648 22.875
1649 22.812
1650 22.437
1651 22.312
1652 22.187
1653 22.062
1654 21.875
1655 21.812
1656 21.75
1657 21.75
1658 21.687
1659 21.625
1660 21.562
1661 21.562
1662 21.562
1663 21.5
1664 21.5
1665 21.5
1666 21.5
1667 21.5
1668 21.437
1669 21.437
1670 21.437
1671 21.437
1672 21.437
1673 21.375
1674 21.437
1675 21.375
1676 21.375
1677 21.375
1678 21.375
1679 21.375
1680 21.375
1681 21.375
1682 21.375
1683 21.375
1684 21.312
1685 21.375
1686 21.375
1687 21.375
1688 21.375
1689 21.375
1690 21.312
1691 21.312
1692 21.312
1693 21.312
1694 21.375
1695 21.375
1696 21.375
1697 21.312
1698 21.375
1699 21.312
1700 21.312
1701 21.312
1702 21.312
1703 21.312
1704 21.312
1705 21.312
1706 21.312
1707 21.312
1708 21.312
1709 21.312
1710 21.312
1711 21.312
1712 21.375
1713 21.312
1714 21.312
1715 21.312
1716 21.312
1717 21.312
1718 21.375
1719 21.312
1720 21.312
1721 21.312
1722 21.312
1723 21.312
1724 21.312
1725 21.312
1726 21.312
1727 21.312
1728 21.312
1729 21.312
1730 21.312
1731 21.312
1732 21.312
1733 21.312
1734 21.25
1735 21.25
1736 21.312
1737 21.25
1738 21.25
1739 21.25
1740 21.25
1741 21.25
1742 21.25
1743 21.25
1744 21.25
1745 21.25
1746 21.25
1747 21.25
1748 21.187
1749 21.25
1750 21.187
1751 21.187
1752 21.25
1753 21.25
1754 21.25
1755 21.25
1756 21.187
1757 21.187
1758 21.187
1759 21.187
1760 21.25
1761 21.25
1762 21.187
1763 21.25
1764 21.25
1765 21.25
1766 21.187
1767 21.187
1768 21.187
1769 21.187
1770 21.187
1771 21.187
1772 21.187
1773 21.187
1774 21.187
1775 21.187
1776 21.187
1777 21.187
1778 21.25
1779 21.187
1780 21.187
1781 21.187
1782 21.187
1783 21.187
1784 21.187
1785 21.187
1786 21.187
1787 21.187
1788 21.187
1789 21.187
1790 21.187
1791 21.187
1792 21.187
1793 21.187
1794 21.187
1795 21.187
1796 21.187
1797 21.187
1798 21.187
1799 21.187
1800 21.187
1801 21.187
1802 21.25
1803 21.25
1804 21.25
1805 21.25
1806 21.25
1807 21.25
1808 21.25
1809 21.25
1810 21.25
1811 21.312
1812 21.25
1813 21.312
1814 21.25
1815 21.312
1816 21.25
1817 21.25
1818 21.312
1819 21.312
1820 21.312
1821 21.312
1822 21.312
1823 21.312
1824 21.312
1825 21.312
1826 21.312
1827 21.312
1828 21.312
1829 21.312
1830 21.312
1831 21.312
1832 21.375
1833 21.375
1834 21.375
1835 21.375
1836 21.375
1837 21.375
1838 21.375
1839 21.375
1840 21.437
1841 21.437
1842 21.437
1843 21.437
1844 21.437
1845 21.437
1846 21.437
1847 21.437
1848 21.437
1849 21.437
1850 21.437
1851 21.437
1852 21.437
1853 21.437
1854 21.437
1855 21.375
1856 21.437
1857 21.437
1858 21.375
1859 21.375
1860 21.437
1861 21.437
1862 21.437
1863 21.437
1864 21.437
1865 21.437
1866 21.437
1867 21.437
1868 21.437
1869 21.437
1870 21.437
1871 21.437
1872 21.375
1873 21.375
1874 21.437
1875 21.437
1876 21.437
1877 21.375
1878 21.375
1879 21.437
1880 21.437
1881 21.437
1882 21.375
1883 21.437
1884 21.437
1885 21.437
1886 21.437
1887 21.375
1888 21.437
1889 21.437
1890 21.437
1891 21.437
1892 21.5
1893 21.437
1894 21.5
1895 21.437
1896 21.437
1897 21.437
1898 21.437
1899 21.437
1900 21.437
1901 21.437
1902 21.437
1903 21.5
1904 21.5
1905 21.5
1906 21.5
1907 21.5
1908 21.5
1909 21.5
1910 21.5
1911 21.5
1912 21.5
1913 21.5
1914 21.5
1915 21.5
1916 21.5
1917 21.5
1918 21.5
1919 21.5
1920 21.5
1921 21.437
1922 21.5
1923 21.5
1924 21.437
1925 21.5
1926 21.437
1927 21.5
1928 21.437
1929 21.437
1930 21.437
1931 21.5
1932 21.437
1933 21.437
1934 21.5
1935 21.437
1936 21.437
1937 21.5
1938 21.5
1939 21.437
1940 21.5
1941 21.437
1942 21.5
1943 21.5
1944 21.437
1945 21.5
1946 21.437
1947 21.437
1948 21.5
1949 21.437
1950 21.437
1951 21.5
1952 21.5
1953 21.5
1954 21.5
1955 21.5
1956 21.5
1957 21.5
1958 21.5
1959 21.5
1960 21.5
1961 21.5
1962 21.5
1963 21.5
1964 21.5
1965 21.562
1966 21.562
1967 21.562
1968 21.562
1969 21.562
1970 21.625
1971 21.562
1972 21.625
1973 21.625
1974 21.625
1975 21.625
1976 21.625
1977 21.625
1978 21.687
1979 21.625
1980 21.625
1981 21.687
1982 21.687
1983 21.687
1984 21.687
1985 21.687
1986 21.75
1987 21.75
1988 21.75
1989 21.75
1990 21.75
1991 21.75
1992 21.75
1993 21.75
1994 21.75
1995 21.812
1996 21.812
1997 21.75
1998 21.812
1999 21.812
2000 21.812
2001 21.812
2002 21.812
2003 21.812
2004 21.812
2005 21.812
2006 21.812
2007 21.812
2008 21.812
2009 21.812
2010 21.812
2011 21.812
2012 21.812
2013 21.75
2014 21.75
2015 21.75
2016 21.75
2017 21.75
2018 21.75
2019 21.687
2020 21.687
2021 21.687
2022 21.687
2023 21.687
2024 21.687
2025 21.687
2026 21.687
2027 21.687
2028 21.687
2029 21.687
2030 21.687
2031 21.687
2032 21.625
2033 21.687
2034 21.687
2035 21.625
2036 21.625
2037 21.625
2038 21.625
2039 21.687
2040 22.125
2041 22.437
2042 22.687
2043 22.875
2044 23.062
2045 23.187
2046 23.312
2047 23.437
2048 23.5
2049 23.562
2050 23.625
2051 23.687
2052 23.625
2053 23.75
2054 23.812
2055 23.875
2056 23.875
2057 23.937
2058 24.0
2059 24.0
2060 24.0
2061 24.0
2062 24.062
2063 24.062
2064 24.125
2065 24.125
2066 24.062
2067 24.062
2068 24.062
2069 24.125
2070 24.125
2071 24.062
2072 24.125
2073 24.125
2074 24.062
2075 24.062
2076 24.187
2077 24.25
2078 24.25
2079 24.312
2080 24.312
2081 24.312
2082 24.375
2083 24.437
2084 24.437
2085 24.5
2086 24.5
2087 24.5
2088 24.5
2089 24.5
2090 24.5
2091 24.187
2092 23.937
2093 23.75
2094 23.625
2095 23.5
2096 23.437
2097 23.375
2098 23.375
2099 23.312
2100 23.25
2101 23.187
2102 23.125
2103 23.125
2104 23.062
2105 23.062
2106 23.062
2107 23.0
2108 23.0
2109 23.0
2110 23.0
2111 23.0
2112 23.0
2113 23.0
2114 23.0
2115 22.937
2116 22.937
2117 22.937
2118 22.937
2119 22.875
2120 22.937
2121 22.875
2122 22.875
2123 22.875
2124 22.875
2125 22.812
2126 22.812
2127 22.812
2128 22.875
2129 22.812
2130 22.812
2131 22.812
2132 22.812
2133 22.812
2134 22.812
2135 22.812
2136 22.812
2137 22.812
2138 22.812
2139 22.812
2140 22.812
2141 22.812
2142 22.75
2143 22.75
2144 22.687
2145 22.625
2146 22.625
2147 22.687
2148 22.625
2149 22.625
2150 22.625
2151 22.687
2152 22.625
2153 22.687
2154 22.625
2155 22.625
2156 22.562
2157 22.625
2158 22.625
2159 22.625
2160 22.562
2161 22.562
2162 22.562
2163 22.562
2164 22.5
2165 22.5
2166 22.5
2167 22.5
2168 22.5
2169 22.562
2170 22.562
2171 22.5
2172 22.5
2173 22.5
2174 22.5
2175 22.5
2176 22.5
2177 22.5
2178 22.5
2179 22.5
2180 22.5
2181 22.437
2182 22.437
2183 22.437
2184 22.437
2185 22.437
2186 22.437
2187 22.437
2188 22.437
2189 22.437
2190 22.437
2191 22.437
2192 22.437
2193 22.437
2194 22.375
2195 22.375
2196 22.375
2197 22.375
2198 22.375
2199 22.375
2200 22.375
2201 22.375
2202 22.375
2203 22.375
2204 22.375
2205 22.312
2206 22.375
2207 22.375
2208 22.375
2209 22.375
2210 22.375
2211 22.375
2212 22.375
2213 22.375
2214 22.375
2215 22.375
2216 22.375
2217 22.312
2218 22.312
2219 22.312
2220 22.312
2221 22.312
2222 22.312
2223 22.25
2224 22.25
2225 22.25
2226 22.25
2227 22.25
2228 22.25
2229 22.25
2230 22.25
2231 22.25
2232 22.25
2233 22.25
2234 22.25
2235 22.25
2236 22.25
2237 22.25
2238 22.25
2239 22.25
2240 22.187
2241 22.187
2242 22.187
2243 22.187
2244 22.187
2245 22.187
2246 22.187
2247 22.187
2248 22.125
2249 22.125
2250 22.125
2251 22.125
2252 22.125
2253 22.187
2254 22.187
2255 22.125
2256 22.125
2257 22.125
2258 22.125
2259 22.062
2260 22.062
2261 22.062
2262 22.062
2263 22.062
2264 22.062
2265 22.062
2266 22.062
2267 22.062
2268 22.125
2269 22.125
2270 22.062
2271 22.062
2272 22.062
2273 22.062
2274 22.125
2275 22.125
2276 22.125
2277 22.125
2278 22.062
2279 22.062
2280 22.0
2281 22.0
2282 22.062
2283 22.062
2284 22.062
2285 22.0
2286 22.062
2287 22.0
2288 22.0
2289 22.062
2290 22.062
2291 22.062
2292 22.062
2293 22.062
2294 22.062
2295 22.0
2296 22.0
2297 22.0
2298 21.937
2299 22.0
2300 22.0
2301 22.0
2302 22.0
2303 22.0
2304 22.0
2305 22.0
2306 21.937
2307 22.0
2308 22.0
2309 21.937
2310 21.937
2311 21.937
2312 21.937
2313 21.937
2314 21.937
2315 21.937
2316 21.937
2317 21.937
2318 21.937
2319 21.937
2320 21.937
2321 21.937
2322 21.937
2323 21.937
2324 21.937
2325 21.937
2326 21.937
2327 21.937
2328 21.937
2329 21.937
2330 21.875
2331 21.937
2332 21.937
2333 21.937
2334 21.937
2335 21.937
2336 21.937
2337 21.937
2338 21.937
2339 21.937
2340 21.937
2341 21.937
2342 21.937
2343 21.937
2344 22.0
2345 21.937
2346 21.937
2347 21.937
2348 21.937
2349 22.0
2350 22.0
2351 21.937
2352 21.937
2353 21.937
2354 21.937
2355 22.0
2356 21.937
2357 22.0
2358 21.937
2359 22.0
2360 21.937
2361 21.937
2362 21.937
2363 21.937
2364 21.937
2365 21.937
2366 21.937
2367 21.937
2368 22.0
2369 21.937
2370 21.937
2371 21.937
2372 21.937
2373 21.937
2374 21.937
2375 21.937
2376 21.937
2377 21.937
2378 22.0
2379 21.937
2380 21.937
2381 22.0
2382 21.937
2383 21.937
2384 21.937
2385 21.937
2386 21.937
2387 21.937
2388 21.937
2389 21.875
2390 21.875
2391 21.875
2392 21.875
2393 21.875
2394 21.875
2395 21.875
2396 21.937
2397 21.937
2398 21.937
2399 21.875
2400 21.937
2401 21.937
2402 21.937
2403 21.937
2404 21.937
2405 21.875
2406 21.937
2407 21.937
2408 21.937
2409 21.937
2410 21.875
2411 21.875
2412 21.937
2413 21.875
2414 21.937
2415 21.937
2416 21.875
2417 21.875
2418 21.875
2419 21.875
2420 21.937
2421 21.875
2422 21.875
2423 21.937
2424 21.937
2425 21.875
2426 21.875
2427 21.937
2428 21.937
2429 21.937
2430 21.937
2431 21.937
2432 21.937
2433 21.937
2434 21.937
2435 21.937
2436 21.937
2437 21.937
2438 21.937
2439 21.937
2440 21.937
2441 21.875
2442 21.875
2443 21.937
2444 21.875
2445 21.875
2446 21.937
2447 21.937
2448 21.937
2449 21.937
2450 21.875
2451 21.937
2452 21.875
2453 21.875
2454 21.875
2455 21.875
2456 21.875
2457 21.875
2458 21.875
2459 21.875
2460 21.937
2461 21.937
2462 21.937
2463 21.937
2464 21.875
2465 21.875
2466 21.937
2467 21.875
2468 21.875
2469 21.937
2470 21.937
2471 21.875
2472 21.937
2473 21.875
2474 21.875
2475 21.875
2476 21.875
2477 21.875
2478 21.875
2479 21.937
2480 21.875
2481 21.937
2482 21.937
2483 21.937
2484 21.875
2485 21.875
2486 21.937
2487 21.937
2488 21.937
2489 21.875
2490 21.937
2491 21.937
2492 21.937
2493 21.937
2494 21.937
2495 21.937
2496 21.937
2497 21.937
2498 21.937
2499 21.937
2500 21.937
2501 21.937
2502 21.937
2503 21.937
2504 21.937
2505 21.937
2506 21.937
2507 21.937
2508 21.937
2509 21.937
2510 21.937
2511 21.937
2512 21.937
2513 21.937
2514 21.875
2515 21.875
2516 21.875
2517 21.875
2518 21.875
2519 21.875
2520 21.875
2521 21.812
2522 21.875
2523 21.875
2524 21.875
2525 21.875
2526 21.875
2527 21.875
2528 21.812
2529 21.812
2530 21.812
2531 21.812
2532 21.75
2533 21.812
2534 21.75
2535 21.75
2536 21.75
2537 21.75
2538 21.75
2539 21.75
2540 21.75
2541 21.687
2542 21.75
2543 21.75
2544 21.687
2545 21.687
2546 21.687
2547 21.687
2548 21.687
2549 21.687
2550 21.687
2551 21.687
2552 21.687
2553 21.687
2554 21.687
2555 21.687
2556 21.687
2557 21.687
2558 21.687
2559 21.625
2560 21.687
2561 21.625
2562 21.625
2563 21.625
2564 21.625
2565 21.562
2566 21.625
2567 21.562
2568 21.562
2569 21.562
2570 21.562
2571 21.562
2572 21.562
2573 21.562
2574 21.562
2575 21.562
2576 21.562
2577 21.562
2578 21.562
2579 21.562
2580 21.625
2581 21.562
2582 21.562
2583 21.562
2584 21.562
2585 21.562
2586 21.562
2587 21.5
2588 21.5
2589 21.5
2590 21.5
2591 21.562
2592 21.562
2593 21.562
2594 21.562
2595 21.562
2596 21.562
2597 21.437
2598 21.437
2599 21.5
2600 21.5
2601 21.5
2602 21.5
2603 21.437
2604 21.5
2605 21.5
2606 21.5
2607 21.5
2608 21.5
2609 21.5
2610 21.5
2611 21.562
2612 21.5
2613 21.5
2614 21.5
2615 21.5
2616 21.5
2617 21.5
2618 21.562
2619 21.5
2620 21.562
2621 21.562
2622 21.562
2623 21.562
2624 21.5
2625 21.5
2626 21.5
2627 21.562
2628 21.562
2629 21.562
2630 21.562
2631 21.562
2632 21.5
2633 21.562
2634 21.5
2635 21.562
2636 21.562
2637 21.562
2638 21.562
2639 21.562
2640 21.562
2641 21.5
2642 21.562
2643 21.562
2644 21.562
2645 21.562
2646 21.562
2647 21.562
2648 21.5
2649 21.5
2650 21.5
2651 21.562
2652 21.562
2653 21.562
2654 21.562
2655 21.562
2656 21.562
2657 21.562
2658 21.562
2659 21.562
2660 21.562
2661 21.562
2662 21.5
2663 21.5
2664 21.5
2665 21.5
2666 21.5
2667 21.5
2668 21.562
2669 21.5
2670 21.5
2671 21.562
2672 21.5
2673 21.562
2674 21.5
2675 21.562
2676 21.5
2677 21.562
2678 21.5
2679 21.5
2680 21.5
2681 21.562
2682 21.5
2683 21.5
2684 21.562
2685 21.5
2686 21.5
2687 21.5
2688 21.5
2689 21.5
2690 21.562
2691 21.562
2692 21.562
2693 21.562
2694 21.562
2695 21.562
2696 21.562
2697 21.562
2698 21.562
2699 21.625
2700 21.562
2701 21.562
2702 21.562
2703 21.562
2704 21.562
2705 21.562
2706 21.625
2707 21.625
2708 21.625
2709 21.625
2710 21.625
2711 21.562
2712 21.562
2713 21.562
2714 21.562
2715 21.562
2716 21.562
2717 21.562
2718 21.562
2719 21.562
2720 21.562
2721 21.562
2722 21.562
2723 21.562
2724 21.562
2725 21.562
2726 21.562
2727 21.562
2728 21.562
2729 21.562
2730 21.562
2731 21.562
2732 21.562
2733 21.562
2734 21.625
2735 21.562
2736 21.562
2737 21.625
2738 21.625
2739 21.562
2740 21.625
2741 21.562
2742 21.562
2743 21.625
2744 21.625
2745 21.562
2746 21.625
2747 21.562
2748 21.562
2749 21.562
2750 21.562
2751 21.562
2752 21.625
2753 21.625
2754 21.562
2755 21.562
2756 21.625
2757 21.562
2758 21.562
2759 21.625
2760 21.625
2761 21.625
2762 21.625
2763 21.625
2764 21.625
2765 21.625
2766 21.562
2767 21.625
2768 21.625
2769 21.625
2770 21.625
2771 21.625
2772 21.625
2773 21.562
2774 21.562
2775 21.625
2776 21.625
2777 21.625
2778 21.625
2779 21.562
2780 21.562
2781 21.562
2782 21.625
2783 21.625
2784 21.625
2785 21.625
2786 21.625
2787 21.625
2788 21.625
2789 21.625
2790 21.625
2791 21.625
2792 21.625
2793 21.625
2794 21.625
2795 21.625
2796 21.625
2797 21.625
2798 21.625
2799 21.625
2800 21.625
2801 21.625
2802 21.625
2803 21.625
2804 21.625
2805 21.625
2806 21.625
2807 21.625
2808 21.625
2809 21.625
2810 21.687
2811 21.687
2812 21.625
2813 21.687
2814 21.687
2815 21.687
2816 21.687
2817 21.687
2818 21.687
2819 21.687
2820 21.687
2821 21.687
2822 21.687
2823 21.75
2824 21.687
2825 21.687
2826 21.687
2827 21.687
2828 21.687
2829 21.687
2830 21.687
2831 21.687
2832 21.687
2833 21.687
2834 21.687
2835 21.687
2836 21.625
2837 21.625
2838 21.625
2839 21.625
2840 21.625
2841 21.625
2842 21.625
2843 21.625
2844 21.625
2845 21.625
2846 21.625
2847 21.625
2848 21.562
2849 21.562
2850 21.562
2851 21.625
2852 21.625
2853 21.562
2854 21.625
2855 21.562
2856 21.562
2857 21.562
2858 21.562
2859 21.562
2860 21.562
2861 21.562
2862 21.562
2863 21.562
2864 21.562
2865 21.562
2866 21.562
2867 21.562
2868 21.625
2869 21.625
2870 21.562
2871 21.562
2872 21.562
2873 21.562
2874 21.562
2875 21.562
2876 21.562
2877 21.562
2878 21.562
2879 21.562
2880 21.562
2881 21.562
2882 21.562
2883 21.562
2884 21.562
2885 21.562
2886 21.562
2887 21.562
2888 21.5
2889 21.562
2890 21.5
2891 21.5
2892 21.5
2893 21.5
2894 21.5
2895 21.5
2896 21.5
2897 21.5
2898 21.5
2899 21.5
2900 21.437
2901 21.5
2902 21.5
2903 21.5
2904 21.5
2905 21.5
2906 21.5
2907 21.5
2908 21.5
2909 21.5
2910 21.5
2911 21.5
2912 21.5
2913 21.5
2914 21.437
2915 21.437
2916 21.5
2917 21.437
2918 21.437
2919 21.5
2920 21.437
2921 21.437
2922 21.437
2923 21.437
2924 21.437
2925 21.437
2926 21.437
2927 21.437
2928 21.437
2929 21.437
2930 21.437
2931 21.437
2932 21.5
2933 21.437
2934 21.437
2935 21.437
2936 21.437
2937 21.437
2938 21.437
2939 21.437
2940 21.437
2941 21.437
2942 21.437
2943 21.437
2944 21.437
2945 21.437
2946 21.437
2947 21.437
2948 21.437
2949 21.437
2950 21.437
2951 21.437
2952 21.437
2953 21.437
2954 21.437
2955 21.437
2956 21.437
2957 21.437
2958 21.437
2959 21.437
2960 21.375
2961 21.375
2962 21.375
2963 21.375
2964 21.375
2965 21.375
2966 21.375
2967 21.375
2968 21.375
2969 21.375
2970 21.437
2971 21.437
2972 21.437
2973 21.375
2974 21.375
2975 21.375
2976 21.375
2977 21.375
2978 21.375
2979 21.375
2980 21.375
2981 21.375
2982 21.437
2983 21.437
2984 21.437
2985 21.437
2986 21.437
2987 21.437
2988 21.5
2989 21.5
2990 21.5
2991 21.5
2992 21.5
2993 21.5
2994 21.5
2995 21.437
2996 21.437
2997 21.437
2998 21.437
2999 21.437
3000 21.437
3001 21.437
3002 21.5
3003 21.5
3004 21.5
3005 21.5
3006 21.5
3007 21.5
3008 21.5
3009 21.5
3010 21.562
3011 21.562
3012 21.5
3013 21.562
3014 21.562
3015 21.562
3016 21.562
3017 21.562
3018 21.562
3019 21.625
3020 21.562
3021 21.562
3022 21.562
3023 21.562
3024 21.562
3025 21.562
3026 21.562
3027 21.562
3028 21.562
3029 21.562
3030 21.562
3031 21.562
3032 21.562
3033 21.562
3034 21.562
3035 21.562
3036 21.562
3037 21.562
3038 21.5
3039 21.5
3040 21.562
3041 21.562
3042 21.562
3043 21.562
3044 21.562
3045 21.5
3046 21.562
3047 21.562
3048 21.562
3049 21.562
3050 21.562
3051 21.562
3052 21.562
3053 21.562
3054 21.5
3055 21.5
3056 21.5
3057 21.437
3058 21.437
3059 21.437
3060 21.437
3061 21.437
3062 21.437
3063 21.437
3064 21.5
3065 21.437
3066 21.437
3067 21.437
3068 21.437
3069 21.437
3070 21.437
3071 21.437
3072 21.437
3073 21.437
3074 21.437
3075 21.437
3076 21.437
3077 21.437
3078 21.437
3079 21.437
3080 21.437
3081 21.437
3082 21.437
3083 21.437
3084 21.437
3085 21.437
3086 21.437
3087 21.437
3088 21.5
3089 21.5
3090 21.437
3091 21.437
3092 21.5
3093 21.5
3094 21.437
3095 21.437
3096 21.437
3097 21.437
3098 21.437
3099 21.437
3100 21.437
3101 21.437
3102 21.437
3103 21.437
3104 21.437
3105 21.437
3106 21.437
3107 21.437
3108 21.437
3109 21.437
3110 21.437
3111 21.437
3112 21.437
3113 21.437
3114 21.437
3115 21.437
3116 21.437
3117 21.437
3118 21.437
3119 21.437
3120 21.437
3121 21.437
3122 21.437
3123 21.437
3124 21.375
3125 21.375
3126 21.437
3127 21.437
3128 21.5
3129 21.437
3130 21.5
3131 21.5
3132 21.5
3133 21.5
3134 21.5
3135 21.5
3136 21.5
3137 21.437
3138 21.437
3139 21.437
3140 21.437
3141 21.437
3142 21.5
3143 21.5
3144 21.5
3145 21.5
3146 21.562
3147 21.562
3148 21.562
3149 21.562
3150 21.562
